>> cd f:
>> cd machineLearing\
>> stackedAEExercise
 Iteration   FunEvals     Step Length    Function Val        Opt Cond
         1          5     3.16764e-02     1.15728e+02     9.47821e+03
         2          6     1.00000e+00     9.23311e+01     4.69254e+03
         3          7     1.00000e+00     8.36830e+01     2.16416e+03
         4          8     1.00000e+00     7.89373e+01     1.97183e+03
         5          9     1.00000e+00     7.08745e+01     2.59448e+03
         6         10     1.00000e+00     5.45592e+01     2.77040e+03
         7         11     1.00000e+00     3.42882e+01     6.69383e+02
         8         12     1.00000e+00     3.22458e+01     7.13582e+02
         9         13     1.00000e+00     3.12363e+01     6.10169e+02
        10         14     1.00000e+00     3.02697e+01     3.75574e+02
        11         15     1.00000e+00     2.97655e+01     2.35147e+02
        12         16     1.00000e+00     2.95734e+01     2.13785e+02
        13         17     1.00000e+00     2.95003e+01     1.67242e+02
        14         18     1.00000e+00     2.92564e+01     2.44609e+02
        15         19     1.00000e+00     2.90144e+01     3.50795e+02
        16         20     1.00000e+00     2.85003e+01     4.48276e+02
        17         22     3.48760e-01     2.83385e+01     4.53167e+02
        18         23     1.00000e+00     2.80804e+01     3.02812e+02
        19         24     1.00000e+00     2.78728e+01     1.91993e+02
        20         25     1.00000e+00     2.77645e+01     2.42918e+02
        21         26     1.00000e+00     2.74510e+01     3.27021e+02
        22         27     1.00000e+00     2.68692e+01     4.11061e+02
        23         28     1.00000e+00     2.59375e+01     2.92647e+02
        24         29     1.00000e+00     2.50722e+01     2.63463e+02
        25         30     1.00000e+00     2.49051e+01     3.72279e+02
        26         31     1.00000e+00     2.46232e+01     2.53985e+02
        27         32     1.00000e+00     2.43650e+01     2.05808e+02
        28         33     1.00000e+00     2.38686e+01     2.69580e+02
        29         34     1.00000e+00     2.30506e+01     3.88823e+02
        30         35     1.00000e+00     2.26496e+01     4.52756e+02
        31         36     1.00000e+00     2.19602e+01     3.01839e+02
        32         37     1.00000e+00     2.16753e+01     3.06371e+02
        33         38     1.00000e+00     2.13756e+01     2.27980e+02
        34         39     1.00000e+00     2.11288e+01     2.37754e+02
        35         40     1.00000e+00     2.09148e+01     2.54769e+02
        36         41     1.00000e+00     2.06227e+01     2.99806e+02
        37         42     1.00000e+00     2.02142e+01     3.36012e+02
        38         43     1.00000e+00     1.97057e+01     2.78837e+02
        39         44     1.00000e+00     1.92683e+01     2.01511e+02
        40         45     1.00000e+00     1.90202e+01     2.01515e+02
        41         46     1.00000e+00     1.88896e+01     1.64413e+02
        42         47     1.00000e+00     1.88229e+01     1.57252e+02
        43         48     1.00000e+00     1.86607e+01     1.62919e+02
        44         49     1.00000e+00     1.84550e+01     2.01079e+02
        45         50     1.00000e+00     1.81350e+01     1.85128e+02
        46         51     1.00000e+00     1.77946e+01     2.19149e+02
        47         52     1.00000e+00     1.76086e+01     1.78262e+02
        48         53     1.00000e+00     1.74870e+01     1.17730e+02
        49         54     1.00000e+00     1.74238e+01     1.05890e+02
        50         55     1.00000e+00     1.73556e+01     1.16149e+02
        51         56     1.00000e+00     1.72337e+01     1.25979e+02
        52         57     1.00000e+00     1.71109e+01     1.52561e+02
        53         58     1.00000e+00     1.69623e+01     1.34592e+02
        54         59     1.00000e+00     1.67614e+01     1.50527e+02
        55         60     1.00000e+00     1.66326e+01     1.49988e+02
        56         61     1.00000e+00     1.65105e+01     1.17286e+02
        57         62     1.00000e+00     1.63963e+01     1.09219e+02
        58         63     1.00000e+00     1.63402e+01     1.10980e+02
        59         64     1.00000e+00     1.62681e+01     1.08683e+02
        60         65     1.00000e+00     1.61550e+01     1.20794e+02
        61         66     1.00000e+00     1.60534e+01     1.29062e+02
        62         67     1.00000e+00     1.59485e+01     1.18151e+02
        63         68     1.00000e+00     1.57762e+01     1.18981e+02
        64         69     1.00000e+00     1.57205e+01     1.28940e+02
        65         70     1.00000e+00     1.56472e+01     8.34226e+01
        66         71     1.00000e+00     1.55991e+01     7.64443e+01
        67         72     1.00000e+00     1.55581e+01     8.42575e+01
        68         73     1.00000e+00     1.54822e+01     1.08465e+02
        69         74     1.00000e+00     1.53903e+01     1.30774e+02
        70         75     1.00000e+00     1.52917e+01     1.06609e+02
        71         76     1.00000e+00     1.52018e+01     8.72091e+01
        72         77     1.00000e+00     1.51547e+01     8.92265e+01
        73         78     1.00000e+00     1.50932e+01     8.42713e+01
        74         79     1.00000e+00     1.50165e+01     8.49056e+01
        75         80     1.00000e+00     1.49620e+01     8.80092e+01
        76         81     1.00000e+00     1.49191e+01     7.25246e+01
        77         82     1.00000e+00     1.48781e+01     6.72876e+01
        78         83     1.00000e+00     1.48381e+01     7.49010e+01
        79         84     1.00000e+00     1.47757e+01     8.77474e+01
        80         85     1.00000e+00     1.47139e+01     1.12006e+02
        81         86     1.00000e+00     1.46484e+01     8.45519e+01
        82         87     1.00000e+00     1.45984e+01     6.19927e+01
        83         88     1.00000e+00     1.45624e+01     6.56434e+01
        84         89     1.00000e+00     1.45262e+01     7.63420e+01
        85         90     1.00000e+00     1.44841e+01     7.37302e+01
        86         91     1.00000e+00     1.44474e+01     6.28988e+01
        87         92     1.00000e+00     1.44096e+01     6.20541e+01
        88         93     1.00000e+00     1.43673e+01     7.06794e+01
        89         94     1.00000e+00     1.43248e+01     8.43941e+01
        90         95     1.00000e+00     1.42784e+01     6.46860e+01
        91         96     1.00000e+00     1.42392e+01     6.61681e+01
        92         97     1.00000e+00     1.42189e+01     5.93318e+01
        93         98     1.00000e+00     1.41963e+01     5.19308e+01
        94         99     1.00000e+00     1.41735e+01     6.31925e+01
        95        100     1.00000e+00     1.41401e+01     8.10211e+01
        96        101     1.00000e+00     1.40910e+01     9.32740e+01
        97        102     1.00000e+00     1.40599e+01     1.01763e+02
        98        103     1.00000e+00     1.40266e+01     4.72190e+01
        99        104     1.00000e+00     1.40173e+01     4.00141e+01
       100        105     1.00000e+00     1.40088e+01     5.07828e+01
       101        106     1.00000e+00     1.39923e+01     6.40237e+01
       102        107     1.00000e+00     1.39488e+01     7.90012e+01
       103        108     1.00000e+00     1.38982e+01     8.77488e+01
       104        109     1.00000e+00     1.38717e+01     6.77230e+01
       105        110     1.00000e+00     1.38538e+01     3.81231e+01
       106        111     1.00000e+00     1.38472e+01     3.58260e+01
       107        112     1.00000e+00     1.38381e+01     4.32602e+01
       108        113     1.00000e+00     1.38145e+01     5.17771e+01
       109        114     1.00000e+00     1.37701e+01     6.62798e+01
       110        115     1.00000e+00     1.37584e+01     1.04818e+02
       111        116     1.00000e+00     1.37180e+01     4.17338e+01
       112        117     1.00000e+00     1.37093e+01     3.13432e+01
       113        118     1.00000e+00     1.37061e+01     4.25087e+01
       114        119     1.00000e+00     1.36960e+01     3.88372e+01
       115        120     1.00000e+00     1.36787e+01     4.63820e+01
       116        121     1.00000e+00     1.36499e+01     4.82760e+01
       117        122     1.00000e+00     1.36004e+01     6.26297e+01
       118        124     4.49756e-01     1.35879e+01     4.89700e+01
       119        125     1.00000e+00     1.35793e+01     3.40149e+01
       120        126     1.00000e+00     1.35726e+01     3.57019e+01
       121        127     1.00000e+00     1.35589e+01     4.89231e+01
       122        128     1.00000e+00     1.35334e+01     6.47074e+01
       123        129     1.00000e+00     1.35021e+01     7.48684e+01
       124        130     1.00000e+00     1.34789e+01     6.28652e+01
       125        131     1.00000e+00     1.34629e+01     3.45680e+01
       126        132     1.00000e+00     1.34564e+01     3.45907e+01
       127        133     1.00000e+00     1.34495e+01     3.85461e+01
       128        134     1.00000e+00     1.34310e+01     4.66443e+01
       129        135     1.00000e+00     1.34001e+01     5.80337e+01
       130        136     1.00000e+00     1.33879e+01     9.07623e+01
       131        137     1.00000e+00     1.33600e+01     4.21251e+01
       132        138     1.00000e+00     1.33494e+01     3.19286e+01
       133        139     1.00000e+00     1.33418e+01     3.28526e+01
       134        140     1.00000e+00     1.33317e+01     3.66374e+01
       135        141     1.00000e+00     1.33175e+01     4.96288e+01
       136        142     1.00000e+00     1.32991e+01     5.20773e+01
       137        143     1.00000e+00     1.32759e+01     5.04476e+01
       138        144     1.00000e+00     1.32582e+01     7.06366e+01
       139        145     1.00000e+00     1.32401e+01     3.74651e+01
       140        146     1.00000e+00     1.32337e+01     3.06939e+01
       141        147     1.00000e+00     1.32234e+01     3.36120e+01
       142        148     1.00000e+00     1.32141e+01     3.90957e+01
       143        149     1.00000e+00     1.31938e+01     4.71909e+01
       144        150     1.00000e+00     1.31811e+01     7.87977e+01
       145        151     1.00000e+00     1.31548e+01     4.25235e+01
       146        152     1.00000e+00     1.31457e+01     2.94028e+01
       147        153     1.00000e+00     1.31383e+01     2.81529e+01
       148        154     1.00000e+00     1.31294e+01     3.43310e+01
       149        155     1.00000e+00     1.31150e+01     4.17590e+01
       150        156     1.00000e+00     1.30997e+01     4.81631e+01
       151        157     1.00000e+00     1.30840e+01     4.08728e+01
       152        158     1.00000e+00     1.30712e+01     3.40916e+01
       153        159     1.00000e+00     1.30606e+01     3.59315e+01
       154        160     1.00000e+00     1.30481e+01     3.39432e+01
       155        161     1.00000e+00     1.30362e+01     3.34142e+01
       156        162     1.00000e+00     1.30251e+01     3.73551e+01
       157        163     1.00000e+00     1.30143e+01     3.50097e+01
       158        164     1.00000e+00     1.30001e+01     3.58526e+01
       159        165     1.00000e+00     1.29905e+01     4.43959e+01
       160        166     1.00000e+00     1.29809e+01     3.26570e+01
       161        167     1.00000e+00     1.29671e+01     3.30488e+01
       162        168     1.00000e+00     1.29535e+01     3.46475e+01
       163        169     1.00000e+00     1.29494e+01     6.65115e+01
       164        170     1.00000e+00     1.29338e+01     2.85329e+01
       165        171     1.00000e+00     1.29289e+01     2.44409e+01
       166        172     1.00000e+00     1.29214e+01     2.97311e+01
       167        173     1.00000e+00     1.29116e+01     3.83006e+01
       168        174     1.00000e+00     1.28994e+01     3.60623e+01
       169        175     1.00000e+00     1.28879e+01     2.79324e+01
       170        176     1.00000e+00     1.28744e+01     3.43261e+01
       171        177     1.00000e+00     1.28666e+01     3.91185e+01
       172        178     1.00000e+00     1.28564e+01     3.38213e+01
       173        179     1.00000e+00     1.28476e+01     3.94801e+01
       174        180     1.00000e+00     1.28411e+01     2.92268e+01
       175        181     1.00000e+00     1.28363e+01     2.90475e+01
       176        182     1.00000e+00     1.28203e+01     3.41829e+01
       177        183     1.00000e+00     1.28140e+01     5.97650e+01
       178        184     1.00000e+00     1.28000e+01     3.27890e+01
       179        185     1.00000e+00     1.27920e+01     2.32178e+01
       180        186     1.00000e+00     1.27867e+01     2.67000e+01
       181        187     1.00000e+00     1.27807e+01     3.96510e+01
       182        188     1.00000e+00     1.27720e+01     2.77940e+01
       183        189     1.00000e+00     1.27598e+01     2.76712e+01
       184        190     1.00000e+00     1.27506e+01     3.09336e+01
       185        191     1.00000e+00     1.27405e+01     3.84982e+01
       186        192     1.00000e+00     1.27332e+01     2.73061e+01
       187        193     1.00000e+00     1.27285e+01     2.18052e+01
       188        194     1.00000e+00     1.27233e+01     2.54188e+01
       189        195     1.00000e+00     1.27161e+01     3.00894e+01
       190        196     1.00000e+00     1.27061e+01     3.79781e+01
       191        197     1.00000e+00     1.26978e+01     3.14732e+01
       192        198     1.00000e+00     1.26917e+01     2.29017e+01
       193        199     1.00000e+00     1.26865e+01     2.73901e+01
       194        200     1.00000e+00     1.26800e+01     3.26278e+01
       195        201     1.00000e+00     1.26686e+01     3.90827e+01
       196        202     1.00000e+00     1.26604e+01     3.25122e+01
       197        203     1.00000e+00     1.26546e+01     2.14555e+01
       198        204     1.00000e+00     1.26511e+01     2.06148e+01
       199        205     1.00000e+00     1.26482e+01     2.40314e+01
       200        206     1.00000e+00     1.26386e+01     3.52791e+01
       201        207     1.00000e+00     1.26313e+01     4.42978e+01
       202        208     1.00000e+00     1.26221e+01     2.74082e+01
       203        209     1.00000e+00     1.26168e+01     1.84900e+01
       204        210     1.00000e+00     1.26141e+01     2.06848e+01
       205        211     1.00000e+00     1.26090e+01     2.60411e+01
       206        212     1.00000e+00     1.26005e+01     3.81426e+01
       207        213     1.00000e+00     1.25909e+01     3.81920e+01
       208        214     1.00000e+00     1.25833e+01     2.56417e+01
       209        215     1.00000e+00     1.25791e+01     1.89693e+01
       210        216     1.00000e+00     1.25762e+01     2.23991e+01
       211        217     1.00000e+00     1.25714e+01     2.72428e+01
       212        218     1.00000e+00     1.25623e+01     3.51093e+01
       213        219     1.00000e+00     1.25554e+01     3.27418e+01
       214        220     1.00000e+00     1.25499e+01     1.91620e+01
       215        221     1.00000e+00     1.25469e+01     1.96724e+01
       216        222     1.00000e+00     1.25442e+01     2.28854e+01
       217        223     1.00000e+00     1.25376e+01     3.08633e+01
       218        224     1.00000e+00     1.25330e+01     3.70571e+01
       219        225     1.00000e+00     1.25271e+01     2.16451e+01
       220        226     1.00000e+00     1.25234e+01     1.73522e+01
       221        227     1.00000e+00     1.25208e+01     2.05323e+01
       222        228     1.00000e+00     1.25156e+01     2.78488e+01
       223        229     1.00000e+00     1.25101e+01     3.51329e+01
       224        230     1.00000e+00     1.25037e+01     2.81197e+01
       225        231     1.00000e+00     1.24981e+01     2.01322e+01
       226        232     1.00000e+00     1.24954e+01     1.93874e+01
       227        233     1.00000e+00     1.24930e+01     1.88726e+01
       228        234     1.00000e+00     1.24867e+01     2.22465e+01
       229        235     1.00000e+00     1.24811e+01     2.79518e+01
       230        236     1.00000e+00     1.24759e+01     2.14427e+01
       231        237     1.00000e+00     1.24728e+01     1.55560e+01
       232        238     1.00000e+00     1.24702e+01     1.70463e+01
       233        239     1.00000e+00     1.24672e+01     2.01704e+01
       234        240     1.00000e+00     1.24600e+01     2.44952e+01
       235        242     5.09287e-01     1.24560e+01     2.75292e+01
       236        243     1.00000e+00     1.24509e+01     1.88409e+01
       237        244     1.00000e+00     1.24481e+01     1.69874e+01
       238        245     1.00000e+00     1.24458e+01     1.83178e+01
       239        246     1.00000e+00     1.24422e+01     1.93940e+01
       240        247     1.00000e+00     1.24389e+01     4.00950e+01
       241        248     1.00000e+00     1.24322e+01     1.91639e+01
       242        249     1.00000e+00     1.24303e+01     1.51697e+01
       243        250     1.00000e+00     1.24273e+01     1.46079e+01
       244        251     1.00000e+00     1.24245e+01     2.10847e+01
       245        252     1.00000e+00     1.24213e+01     2.05850e+01
       246        253     1.00000e+00     1.24178e+01     2.03085e+01
       247        254     1.00000e+00     1.24151e+01     2.24446e+01
       248        255     1.00000e+00     1.24118e+01     1.75072e+01
       249        256     1.00000e+00     1.24068e+01     1.81486e+01
       250        257     1.00000e+00     1.24041e+01     2.21966e+01
       251        258     1.00000e+00     1.24013e+01     2.08408e+01
       252        259     1.00000e+00     1.23980e+01     1.79853e+01
       253        260     1.00000e+00     1.23943e+01     1.96386e+01
       254        261     1.00000e+00     1.23920e+01     1.93495e+01
       255        262     1.00000e+00     1.23899e+01     1.77821e+01
       256        263     1.00000e+00     1.23859e+01     1.71367e+01
       257        264     1.00000e+00     1.23835e+01     2.21156e+01
       258        265     1.00000e+00     1.23809e+01     1.58004e+01
       259        266     1.00000e+00     1.23790e+01     1.41953e+01
       260        267     1.00000e+00     1.23769e+01     1.74463e+01
       261        268     1.00000e+00     1.23733e+01     2.17916e+01
       262        269     1.00000e+00     1.23695e+01     2.64598e+01
       263        270     1.00000e+00     1.23658e+01     2.01589e+01
       264        271     1.00000e+00     1.23635e+01     1.50678e+01
       265        272     1.00000e+00     1.23620e+01     1.37334e+01
       266        273     1.00000e+00     1.23606e+01     1.52273e+01
       267        274     1.00000e+00     1.23582e+01     1.88814e+01
       268        275     1.00000e+00     1.23557e+01     1.98575e+01
       269        276     1.00000e+00     1.23530e+01     1.64959e+01
       270        277     1.00000e+00     1.23497e+01     1.48652e+01
       271        278     1.00000e+00     1.23480e+01     1.62357e+01
       272        279     1.00000e+00     1.23463e+01     1.41012e+01
       273        280     1.00000e+00     1.23441e+01     1.43458e+01
       274        281     1.00000e+00     1.23419e+01     1.61571e+01
       275        282     1.00000e+00     1.23388e+01     1.73339e+01
       276        283     1.00000e+00     1.23373e+01     2.47045e+01
       277        284     1.00000e+00     1.23349e+01     1.30775e+01
       278        285     1.00000e+00     1.23341e+01     1.12847e+01
       279        286     1.00000e+00     1.23323e+01     1.30830e+01
       280        287     1.00000e+00     1.23298e+01     1.67600e+01
       281        288     1.00000e+00     1.23280e+01     2.40247e+01
       282        289     1.00000e+00     1.23257e+01     1.32439e+01
       283        290     1.00000e+00     1.23248e+01     1.06317e+01
       284        291     1.00000e+00     1.23238e+01     1.22404e+01
       285        292     1.00000e+00     1.23221e+01     1.68756e+01
       286        293     1.00000e+00     1.23195e+01     2.04051e+01
       287        294     1.00000e+00     1.23169e+01     2.25194e+01
       288        295     1.00000e+00     1.23148e+01     1.66358e+01
       289        296     1.00000e+00     1.23134e+01     1.29457e+01
       290        297     1.00000e+00     1.23124e+01     1.32338e+01
       291        298     1.00000e+00     1.23106e+01     1.58918e+01
       292        299     1.00000e+00     1.23091e+01     1.68755e+01
       293        300     1.00000e+00     1.23078e+01     1.39430e+01
       294        301     1.00000e+00     1.23067e+01     1.23575e+01
       295        302     1.00000e+00     1.23056e+01     1.26173e+01
       296        303     1.00000e+00     1.23037e+01     1.39535e+01
       297        304     1.00000e+00     1.23018e+01     1.65972e+01
       298        305     1.00000e+00     1.22997e+01     1.32764e+01
       299        306     1.00000e+00     1.22981e+01     1.14875e+01
       300        307     1.00000e+00     1.22968e+01     1.26627e+01
       301        308     1.00000e+00     1.22957e+01     1.02114e+01
       302        309     1.00000e+00     1.22946e+01     1.06149e+01
       303        310     1.00000e+00     1.22929e+01     1.25061e+01
       304        311     1.00000e+00     1.22914e+01     1.56511e+01
       305        312     1.00000e+00     1.22898e+01     1.09978e+01
       306        313     1.00000e+00     1.22885e+01     1.04702e+01
       307        314     1.00000e+00     1.22879e+01     1.19818e+01
       308        315     1.00000e+00     1.22862e+01     1.43345e+01
       309        316     1.00000e+00     1.22852e+01     2.32157e+01
       310        317     1.00000e+00     1.22830e+01     1.23046e+01
       311        318     1.00000e+00     1.22819e+01     8.29576e+00
       312        319     1.00000e+00     1.22813e+01     1.01562e+01
       313        320     1.00000e+00     1.22803e+01     1.31381e+01
       314        321     1.00000e+00     1.22786e+01     1.55916e+01
       315        322     1.00000e+00     1.22770e+01     1.72373e+01
       316        323     1.00000e+00     1.22755e+01     1.06522e+01
       317        324     1.00000e+00     1.22746e+01     1.05198e+01
       318        325     1.00000e+00     1.22742e+01     1.02797e+01
       319        326     1.00000e+00     1.22726e+01     1.12954e+01
       320        327     1.00000e+00     1.22715e+01     1.85758e+01
       321        328     1.00000e+00     1.22695e+01     9.34937e+00
       322        329     1.00000e+00     1.22690e+01     8.36157e+00
       323        330     1.00000e+00     1.22684e+01     9.16156e+00
       324        331     1.00000e+00     1.22674e+01     1.21217e+01
       325        332     1.00000e+00     1.22661e+01     1.12735e+01
       326        333     1.00000e+00     1.22648e+01     8.94659e+00
       327        334     1.00000e+00     1.22641e+01     1.03184e+01
       328        335     1.00000e+00     1.22635e+01     9.33179e+00
       329        336     1.00000e+00     1.22629e+01     9.30806e+00
       330        337     1.00000e+00     1.22612e+01     1.25257e+01
       331        338     1.00000e+00     1.22601e+01     1.46195e+01
       332        339     1.00000e+00     1.22591e+01     1.14706e+01
       333        340     1.00000e+00     1.22584e+01     8.26474e+00
       334        341     1.00000e+00     1.22578e+01     9.45149e+00
       335        342     1.00000e+00     1.22569e+01     1.17435e+01
       336        343     1.00000e+00     1.22557e+01     1.28301e+01
       337        344     1.00000e+00     1.22549e+01     1.34077e+01
       338        345     1.00000e+00     1.22542e+01     9.01936e+00
       339        346     1.00000e+00     1.22536e+01     8.91991e+00
       340        347     1.00000e+00     1.22531e+01     1.00352e+01
       341        348     1.00000e+00     1.22521e+01     1.22253e+01
       342        349     1.00000e+00     1.22514e+01     9.92618e+00
       343        350     1.00000e+00     1.22508e+01     7.05899e+00
       344        351     1.00000e+00     1.22503e+01     9.06524e+00
       345        352     1.00000e+00     1.22498e+01     1.10482e+01
       346        353     1.00000e+00     1.22485e+01     1.38266e+01
       347        354     1.00000e+00     1.22480e+01     1.65484e+01
       348        355     1.00000e+00     1.22469e+01     9.12154e+00
       349        356     1.00000e+00     1.22464e+01     6.38816e+00
       350        357     1.00000e+00     1.22459e+01     7.74683e+00
       351        358     1.00000e+00     1.22453e+01     1.03817e+01
       352        359     1.00000e+00     1.22444e+01     1.14780e+01
       353        360     1.00000e+00     1.22439e+01     1.49168e+01
       354        361     1.00000e+00     1.22431e+01     7.59830e+00
       355        362     1.00000e+00     1.22428e+01     5.51806e+00
       356        363     1.00000e+00     1.22424e+01     7.00005e+00
       357        364     1.00000e+00     1.22417e+01     9.69154e+00
       358        365     1.00000e+00     1.22409e+01     1.25929e+01
       359        366     1.00000e+00     1.22400e+01     9.25690e+00
       360        367     1.00000e+00     1.22394e+01     6.54185e+00
       361        368     1.00000e+00     1.22390e+01     7.77758e+00
       362        369     1.00000e+00     1.22386e+01     8.28096e+00
       363        370     1.00000e+00     1.22374e+01     9.14443e+00
       364        372     3.25969e-01     1.22370e+01     1.17087e+01
       365        373     1.00000e+00     1.22361e+01     7.66525e+00
       366        374     1.00000e+00     1.22355e+01     6.39233e+00
       367        375     1.00000e+00     1.22351e+01     7.40373e+00
       368        376     1.00000e+00     1.22346e+01     8.24278e+00
       369        377     1.00000e+00     1.22337e+01     9.80294e+00
       370        378     1.00000e+00     1.22331e+01     9.93823e+00
       371        379     1.00000e+00     1.22326e+01     7.09983e+00
       372        380     1.00000e+00     1.22322e+01     6.74779e+00
       373        381     1.00000e+00     1.22317e+01     7.28601e+00
       374        382     1.00000e+00     1.22310e+01     1.06244e+01
       375        383     1.00000e+00     1.22302e+01     8.37532e+00
       376        384     1.00000e+00     1.22297e+01     6.91618e+00
       377        385     1.00000e+00     1.22291e+01     7.12002e+00
       378        386     1.00000e+00     1.22287e+01     8.59265e+00
       379        387     1.00000e+00     1.22283e+01     6.89997e+00
       380        388     1.00000e+00     1.22276e+01     6.41696e+00
       381        389     1.00000e+00     1.22271e+01     7.14612e+00
       382        390     1.00000e+00     1.22264e+01     8.21651e+00
       383        391     1.00000e+00     1.22258e+01     8.05043e+00
       384        392     1.00000e+00     1.22253e+01     7.51156e+00
       385        393     1.00000e+00     1.22246e+01     7.44648e+00
       386        394     1.00000e+00     1.22242e+01     9.15381e+00
       387        395     1.00000e+00     1.22239e+01     6.73540e+00
       388        396     1.00000e+00     1.22234e+01     8.00950e+00
       389        397     1.00000e+00     1.22229e+01     8.69676e+00
       390        398     1.00000e+00     1.22222e+01     1.06993e+01
       391        399     1.00000e+00     1.22216e+01     7.73991e+00
       392        400     1.00000e+00     1.22213e+01     6.08603e+00
       393        401     1.00000e+00     1.22210e+01     6.78011e+00
       394        402     1.00000e+00     1.22208e+01     8.01432e+00
       395        403     1.00000e+00     1.22200e+01     9.70136e+00
       396        404     1.00000e+00     1.22196e+01     1.38612e+01
       397        405     1.00000e+00     1.22187e+01     7.34384e+00
       398        406     1.00000e+00     1.22183e+01     5.68941e+00
       399        407     1.00000e+00     1.22181e+01     6.92496e+00
       400        408     1.00000e+00     1.22178e+01     8.24627e+00
       401        409     1.00000e+00     1.22172e+01     9.08283e+00
       402        410     1.00000e+00     1.22170e+01     1.14288e+01
       403        411     1.00000e+00     1.22163e+01     6.53382e+00
       404        412     1.00000e+00     1.22161e+01     5.24334e+00
       405        413     1.00000e+00     1.22158e+01     6.46690e+00
       406        414     1.00000e+00     1.22155e+01     8.14930e+00
       407        415     1.00000e+00     1.22149e+01     9.15434e+00
       408        417     3.52419e-01     1.22146e+01     9.42718e+00
       409        418     1.00000e+00     1.22140e+01     6.80922e+00
       410        419     1.00000e+00     1.22136e+01     4.86135e+00
       411        420     1.00000e+00     1.22132e+01     6.56787e+00
       412        421     1.00000e+00     1.22128e+01     8.15510e+00
       413        422     1.00000e+00     1.22123e+01     1.04327e+01
       414        423     1.00000e+00     1.22118e+01     6.96495e+00
       415        424     1.00000e+00     1.22115e+01     5.06402e+00
       416        425     1.00000e+00     1.22111e+01     6.65274e+00
       417        426     1.00000e+00     1.22107e+01     7.94363e+00
       418        427     1.00000e+00     1.22101e+01     8.30844e+00
       419        429     3.66487e-01     1.22098e+01     8.25177e+00
       420        430     1.00000e+00     1.22095e+01     5.49407e+00
       421        431     1.00000e+00     1.22092e+01     5.12137e+00
       422        432     1.00000e+00     1.22090e+01     6.75939e+00
       423        433     1.00000e+00     1.22085e+01     8.63711e+00
       424        434     1.00000e+00     1.22079e+01     9.63938e+00
       425        435     1.00000e+00     1.22074e+01     8.49972e+00
       426        436     1.00000e+00     1.22070e+01     5.08712e+00
       427        437     1.00000e+00     1.22067e+01     5.77010e+00
       428        438     1.00000e+00     1.22065e+01     6.66397e+00
       429        439     1.00000e+00     1.22060e+01     8.19796e+00
       430        440     1.00000e+00     1.22056e+01     5.98884e+00
       431        441     1.00000e+00     1.22053e+01     4.70717e+00
       432        442     1.00000e+00     1.22050e+01     5.21573e+00
       433        443     1.00000e+00     1.22047e+01     6.10933e+00
       434        444     1.00000e+00     1.22042e+01     8.00248e+00
       435        445     1.00000e+00     1.22037e+01     6.00615e+00
       436        446     1.00000e+00     1.22034e+01     5.31476e+00
       437        447     1.00000e+00     1.22031e+01     6.44295e+00
       438        448     1.00000e+00     1.22028e+01     6.98097e+00
       439        449     1.00000e+00     1.22023e+01     7.03228e+00
       440        450     1.00000e+00     1.22021e+01     1.14998e+01
       441        451     1.00000e+00     1.22014e+01     5.04051e+00
       442        452     1.00000e+00     1.22013e+01     4.56101e+00
       443        453     1.00000e+00     1.22011e+01     5.42210e+00
       444        454     1.00000e+00     1.22008e+01     6.27666e+00
       445        455     1.00000e+00     1.22003e+01     7.72571e+00
       446        456     1.00000e+00     1.21998e+01     6.74728e+00
       447        457     1.00000e+00     1.21994e+01     4.93937e+00
       448        458     1.00000e+00     1.21992e+01     5.17237e+00
       449        459     1.00000e+00     1.21991e+01     5.61279e+00
       450        460     1.00000e+00     1.21985e+01     6.66789e+00
       451        462     4.80255e-01     1.21982e+01     8.05304e+00
       452        463     1.00000e+00     1.21978e+01     5.43095e+00
       453        464     1.00000e+00     1.21976e+01     4.32468e+00
       454        465     1.00000e+00     1.21975e+01     5.07617e+00
       455        466     1.00000e+00     1.21972e+01     6.30984e+00
       456        467     1.00000e+00     1.21967e+01     7.95904e+00
       457        468     1.00000e+00     1.21965e+01     1.15487e+01
       458        469     1.00000e+00     1.21958e+01     5.78086e+00
       459        470     1.00000e+00     1.21956e+01     4.05744e+00
       460        471     1.00000e+00     1.21955e+01     4.48508e+00
       461        472     1.00000e+00     1.21953e+01     5.72308e+00
       462        473     1.00000e+00     1.21948e+01     7.28510e+00
       463        474     1.00000e+00     1.21946e+01     1.01870e+01
       464        475     1.00000e+00     1.21941e+01     6.08379e+00
       465        476     1.00000e+00     1.21939e+01     4.16198e+00
       466        477     1.00000e+00     1.21937e+01     4.39526e+00
       467        478     1.00000e+00     1.21936e+01     5.19370e+00
       468        479     1.00000e+00     1.21932e+01     6.43876e+00
       469        480     1.00000e+00     1.21929e+01     8.31705e+00
       470        481     1.00000e+00     1.21926e+01     5.82974e+00
       471        482     1.00000e+00     1.21923e+01     5.40381e+00
       472        483     1.00000e+00     1.21921e+01     5.61794e+00
       473        484     1.00000e+00     1.21918e+01     7.87086e+00
       474        485     1.00000e+00     1.21915e+01     5.43476e+00
       475        486     1.00000e+00     1.21913e+01     4.62392e+00
       476        487     1.00000e+00     1.21910e+01     5.71864e+00
       477        488     1.00000e+00     1.21908e+01     6.27491e+00
       478        489     1.00000e+00     1.21905e+01     7.33007e+00
       479        490     1.00000e+00     1.21902e+01     4.88581e+00
       480        491     1.00000e+00     1.21900e+01     4.62232e+00
       481        492     1.00000e+00     1.21897e+01     6.14987e+00
       482        493     1.00000e+00     1.21894e+01     6.59165e+00
       483        494     1.00000e+00     1.21893e+01     8.80348e+00
       484        495     1.00000e+00     1.21890e+01     4.56685e+00
       485        496     1.00000e+00     1.21889e+01     3.66803e+00
       486        497     1.00000e+00     1.21887e+01     4.90232e+00
       487        498     1.00000e+00     1.21884e+01     6.69441e+00
       488        499     1.00000e+00     1.21880e+01     6.98195e+00
       489        500     1.00000e+00     1.21879e+01     7.92774e+00
       490        501     1.00000e+00     1.21876e+01     4.53937e+00
       491        502     1.00000e+00     1.21874e+01     3.75117e+00
       492        503     1.00000e+00     1.21873e+01     4.78319e+00
       493        504     1.00000e+00     1.21870e+01     6.18411e+00
       494        505     1.00000e+00     1.21868e+01     7.09965e+00
       495        506     1.00000e+00     1.21866e+01     4.43755e+00
       496        507     1.00000e+00     1.21864e+01     4.17208e+00
       497        508     1.00000e+00     1.21862e+01     5.27452e+00
       498        509     1.00000e+00     1.21859e+01     6.16474e+00
       499        510     1.00000e+00     1.21857e+01     8.30501e+00
       500        511     1.00000e+00     1.21854e+01     5.14061e+00
Exceeded Maximum Number of Iterations
 Iteration   FunEvals     Step Length    Function Val        Opt Cond
         1          5     1.39904e-01     1.26403e+02     4.41212e+03
         2          6     1.00000e+00     2.68702e+01     1.32238e+03
         3          7     1.00000e+00     1.49783e+01     6.12667e+02
         4          8     1.00000e+00     1.03371e+01     2.17121e+02
         5          9     1.00000e+00     7.98268e+00     1.79380e+02
         6         10     1.00000e+00     6.30597e+00     5.14464e+01
         7         11     1.00000e+00     5.87425e+00     4.22982e+01
         8         13     3.70824e-01     5.75304e+00     3.57373e+01
         9         14     1.00000e+00     5.67828e+00     2.04405e+01
        10         15     1.00000e+00     5.64186e+00     1.65658e+01
        11         16     1.00000e+00     5.59672e+00     2.22712e+01
        12         17     1.00000e+00     5.50711e+00     3.56892e+01
        13         18     1.00000e+00     5.38578e+00     3.34170e+01
        14         19     1.00000e+00     5.14865e+00     4.04755e+01
        15         21     3.96154e-01     5.06391e+00     4.62411e+01
        16         22     1.00000e+00     4.92479e+00     2.31437e+01
        17         23     1.00000e+00     4.89419e+00     2.00802e+01
        18         24     1.00000e+00     4.87422e+00     1.74339e+01
        19         25     1.00000e+00     4.85419e+00     1.72400e+01
        20         26     1.00000e+00     4.81098e+00     1.59142e+01
        21         28     4.10928e-01     4.79374e+00     1.87703e+01
        22         29     1.00000e+00     4.77164e+00     1.22584e+01
        23         30     1.00000e+00     4.75896e+00     9.85496e+00
        24         31     1.00000e+00     4.74321e+00     1.37876e+01
        25         32     1.00000e+00     4.71556e+00     1.97740e+01
        26         33     1.00000e+00     4.68081e+00     2.12294e+01
        27         34     1.00000e+00     4.64627e+00     1.69834e+01
        28         35     1.00000e+00     4.63000e+00     1.97273e+01
        29         36     1.00000e+00     4.61639e+00     1.18105e+01
        30         37     1.00000e+00     4.60673e+00     1.12330e+01
        31         38     1.00000e+00     4.58347e+00     1.44735e+01
        32         39     1.00000e+00     4.56518e+00     2.16704e+01
        33         40     1.00000e+00     4.54592e+00     1.26689e+01
        34         41     1.00000e+00     4.53344e+00     1.11357e+01
        35         42     1.00000e+00     4.51440e+00     1.57094e+01
        36         43     1.00000e+00     4.48264e+00     2.19891e+01
        37         44     1.00000e+00     4.45633e+00     3.37876e+01
        38         45     1.00000e+00     4.42138e+00     2.03939e+01
        39         46     1.00000e+00     4.39864e+00     1.84091e+01
        40         47     1.00000e+00     4.37711e+00     1.56034e+01
        41         48     1.00000e+00     4.35840e+00     1.51600e+01
        42         49     1.00000e+00     4.33795e+00     1.61554e+01
        43         50     1.00000e+00     4.31425e+00     1.56208e+01
        44         51     1.00000e+00     4.29547e+00     1.31647e+01
        45         52     1.00000e+00     4.27927e+00     1.46836e+01
        46         53     1.00000e+00     4.25450e+00     1.66086e+01
        47         54     1.00000e+00     4.22009e+00     2.16293e+01
        48         55     1.00000e+00     4.19021e+00     2.23065e+01
        49         56     1.00000e+00     4.16689e+00     1.20195e+01
        50         57     1.00000e+00     4.15047e+00     1.06123e+01
        51         58     1.00000e+00     4.13508e+00     1.31552e+01
        52         59     1.00000e+00     4.11103e+00     1.25987e+01
        53         60     1.00000e+00     4.09831e+00     2.05292e+01
        54         61     1.00000e+00     4.08231e+00     1.03114e+01
        55         62     1.00000e+00     4.07295e+00     9.57958e+00
        56         63     1.00000e+00     4.05213e+00     1.44096e+01
        57         64     1.00000e+00     4.02821e+00     1.91648e+01
        58         65     1.00000e+00     4.01733e+00     2.06803e+01
        59         66     1.00000e+00     3.99591e+00     9.98127e+00
        60         67     1.00000e+00     3.98886e+00     7.84026e+00
        61         68     1.00000e+00     3.98176e+00     9.57134e+00
        62         69     1.00000e+00     3.96860e+00     1.32478e+01
        63         70     1.00000e+00     3.95676e+00     1.77039e+01
        64         71     1.00000e+00     3.94367e+00     9.87671e+00
        65         72     1.00000e+00     3.93583e+00     8.69419e+00
        66         73     1.00000e+00     3.92740e+00     1.14285e+01
        67         74     1.00000e+00     3.91141e+00     1.46348e+01
        68         75     1.00000e+00     3.89823e+00     1.96162e+01
        69         76     1.00000e+00     3.88096e+00     1.09010e+01
        70         77     1.00000e+00     3.87161e+00     7.19721e+00
        71         78     1.00000e+00     3.86668e+00     7.63969e+00
        72         79     1.00000e+00     3.85855e+00     9.69754e+00
        73         80     1.00000e+00     3.85007e+00     9.83589e+00
        74         81     1.00000e+00     3.84232e+00     8.09876e+00
        75         82     1.00000e+00     3.83460e+00     9.30267e+00
        76         83     1.00000e+00     3.82750e+00     9.22308e+00
        77         84     1.00000e+00     3.81815e+00     9.08640e+00
        78         85     1.00000e+00     3.80871e+00     1.12881e+01
        79         86     1.00000e+00     3.80317e+00     1.03477e+01
        80         87     1.00000e+00     3.79825e+00     7.32092e+00
        81         88     1.00000e+00     3.79109e+00     6.55148e+00
        82         89     1.00000e+00     3.78775e+00     7.70910e+00
        83         90     1.00000e+00     3.78220e+00     7.94012e+00
        84         91     1.00000e+00     3.77661e+00     1.22722e+01
        85         92     1.00000e+00     3.76914e+00     6.90931e+00
        86         93     1.00000e+00     3.76537e+00     5.87471e+00
        87         94     1.00000e+00     3.76133e+00     6.43184e+00
        88         95     1.00000e+00     3.75628e+00     9.94250e+00
        89         96     1.00000e+00     3.74896e+00     7.59102e+00
        90         97     1.00000e+00     3.74370e+00     5.84719e+00
        91         98     1.00000e+00     3.74205e+00     5.66457e+00
        92         99     1.00000e+00     3.74072e+00     4.60538e+00
        93        100     1.00000e+00     3.73575e+00     5.23925e+00
        94        101     1.00000e+00     3.73062e+00     6.75562e+00
        95        102     1.00000e+00     3.72599e+00     1.09603e+01
        96        103     1.00000e+00     3.72050e+00     5.90531e+00
        97        104     1.00000e+00     3.71744e+00     4.17712e+00
        98        105     1.00000e+00     3.71517e+00     5.78783e+00
        99        106     1.00000e+00     3.71240e+00     5.62374e+00
       100        107     1.00000e+00     3.70906e+00     4.33908e+00
       101        108     1.00000e+00     3.70708e+00     6.18044e+00
       102        109     1.00000e+00     3.70504e+00     4.78581e+00
       103        110     1.00000e+00     3.70159e+00     5.84301e+00
       104        111     1.00000e+00     3.69656e+00     6.60742e+00
       105        113     4.86611e-01     3.69468e+00     7.39412e+00
       106        114     1.00000e+00     3.69187e+00     4.26794e+00
       107        115     1.00000e+00     3.69033e+00     3.31058e+00
       108        116     1.00000e+00     3.68904e+00     4.39251e+00
       109        117     1.00000e+00     3.68721e+00     5.03286e+00
       110        118     1.00000e+00     3.68576e+00     6.90813e+00
       111        119     1.00000e+00     3.68363e+00     3.95778e+00
       112        120     1.00000e+00     3.68199e+00     4.05049e+00
       113        121     1.00000e+00     3.68021e+00     5.56098e+00
       114        122     1.00000e+00     3.67742e+00     6.78996e+00
       115        123     1.00000e+00     3.67521e+00     7.50097e+00
       116        124     1.00000e+00     3.67261e+00     3.69023e+00
       117        125     1.00000e+00     3.67179e+00     2.73894e+00
       118        126     1.00000e+00     3.67108e+00     3.21962e+00
       119        127     1.00000e+00     3.66934e+00     4.38087e+00
       120        128     1.00000e+00     3.66690e+00     5.90389e+00
       121        129     1.00000e+00     3.66503e+00     6.78373e+00
       122        130     1.00000e+00     3.66285e+00     3.81307e+00
       123        131     1.00000e+00     3.66152e+00     3.43947e+00
       124        132     1.00000e+00     3.66043e+00     3.83878e+00
       125        133     1.00000e+00     3.65867e+00     4.81137e+00
       126        134     1.00000e+00     3.65728e+00     4.50092e+00
       127        135     1.00000e+00     3.65626e+00     3.01619e+00
       128        136     1.00000e+00     3.65522e+00     3.10234e+00
       129        137     1.00000e+00     3.65437e+00     3.66268e+00
       130        138     1.00000e+00     3.65238e+00     4.17500e+00
       131        139     1.00000e+00     3.65187e+00     7.93605e+00
       132        140     1.00000e+00     3.64954e+00     3.79524e+00
       133        141     1.00000e+00     3.64859e+00     2.93494e+00
       134        142     1.00000e+00     3.64791e+00     3.63687e+00
       135        143     1.00000e+00     3.64725e+00     2.65330e+00
       136        144     1.00000e+00     3.64648e+00     2.37031e+00
       137        145     1.00000e+00     3.64528e+00     3.23234e+00
       138        146     1.00000e+00     3.64427e+00     3.65850e+00
       139        147     1.00000e+00     3.64312e+00     4.65119e+00
       140        148     1.00000e+00     3.64190e+00     2.99030e+00
       141        149     1.00000e+00     3.64088e+00     2.71905e+00
       142        150     1.00000e+00     3.64017e+00     3.01296e+00
       143        151     1.00000e+00     3.63949e+00     2.97243e+00
       144        152     1.00000e+00     3.63891e+00     2.37492e+00
       145        153     1.00000e+00     3.63793e+00     2.86245e+00
       146        154     1.00000e+00     3.63723e+00     3.32439e+00
       147        155     1.00000e+00     3.63613e+00     2.94806e+00
       148        156     1.00000e+00     3.63524e+00     3.56568e+00
       149        157     1.00000e+00     3.63440e+00     2.70136e+00
       150        158     1.00000e+00     3.63376e+00     2.49690e+00
       151        159     1.00000e+00     3.63331e+00     2.73965e+00
       152        160     1.00000e+00     3.63285e+00     1.95479e+00
       153        161     1.00000e+00     3.63247e+00     1.99258e+00
       154        162     1.00000e+00     3.63188e+00     2.43557e+00
       155        163     1.00000e+00     3.63127e+00     4.32337e+00
       156        164     1.00000e+00     3.63041e+00     2.84858e+00
       157        165     1.00000e+00     3.62965e+00     2.05564e+00
       158        166     1.00000e+00     3.62909e+00     2.67844e+00
       159        167     1.00000e+00     3.62851e+00     3.00127e+00
       160        168     1.00000e+00     3.62796e+00     2.22212e+00
       161        169     1.00000e+00     3.62756e+00     2.11285e+00
       162        170     1.00000e+00     3.62732e+00     1.78905e+00
       163        171     1.00000e+00     3.62699e+00     1.99849e+00
       164        172     1.00000e+00     3.62632e+00     3.23746e+00
       165        173     1.00000e+00     3.62567e+00     2.42410e+00
       166        174     1.00000e+00     3.62517e+00     2.07332e+00
       167        175     1.00000e+00     3.62468e+00     2.36074e+00
       168        176     1.00000e+00     3.62431e+00     2.25376e+00
       169        177     1.00000e+00     3.62376e+00     2.12855e+00
       170        178     1.00000e+00     3.62344e+00     2.16783e+00
       171        179     1.00000e+00     3.62321e+00     1.54752e+00
       172        180     1.00000e+00     3.62302e+00     1.50430e+00
       173        181     1.00000e+00     3.62268e+00     1.76379e+00
       174        182     1.00000e+00     3.62237e+00     3.83061e+00
       175        183     1.00000e+00     3.62177e+00     2.32857e+00
       176        184     1.00000e+00     3.62131e+00     1.60499e+00
       177        185     1.00000e+00     3.62101e+00     1.78045e+00
       178        186     1.00000e+00     3.62070e+00     1.95315e+00
       179        187     1.00000e+00     3.62040e+00     2.39125e+00
       180        188     1.00000e+00     3.62010e+00     1.49080e+00
       181        189     1.00000e+00     3.61987e+00     1.39976e+00
       182        190     1.00000e+00     3.61969e+00     1.48140e+00
       183        191     1.00000e+00     3.61948e+00     3.41281e+00
       184        192     1.00000e+00     3.61898e+00     1.82486e+00
       185        193     1.00000e+00     3.61872e+00     1.32924e+00
       186        194     1.00000e+00     3.61847e+00     1.46049e+00
       187        195     1.00000e+00     3.61833e+00     3.01882e+00
       188        196     1.00000e+00     3.61796e+00     1.71155e+00
       189        197     1.00000e+00     3.61768e+00     1.14214e+00
       190        198     1.00000e+00     3.61749e+00     1.29618e+00
       191        199     1.00000e+00     3.61720e+00     1.59690e+00
       192        200     1.00000e+00     3.61693e+00     2.36694e+00
       193        201     1.00000e+00     3.61661e+00     1.46943e+00
       194        202     1.00000e+00     3.61647e+00     1.25529e+00
       195        203     1.00000e+00     3.61624e+00     1.51602e+00
       196        204     1.00000e+00     3.61603e+00     1.66789e+00
       197        205     1.00000e+00     3.61581e+00     1.41407e+00
       198        206     1.00000e+00     3.61548e+00     1.60729e+00
       199        207     1.00000e+00     3.61536e+00     1.97806e+00
       200        208     1.00000e+00     3.61520e+00     1.27830e+00
       201        209     1.00000e+00     3.61502e+00     1.04267e+00
       202        210     1.00000e+00     3.61490e+00     1.13860e+00
       203        211     1.00000e+00     3.61472e+00     2.21336e+00
       204        212     1.00000e+00     3.61446e+00     1.24290e+00
       205        213     1.00000e+00     3.61431e+00     1.11439e+00
       206        214     1.00000e+00     3.61413e+00     1.46622e+00
       207        215     1.00000e+00     3.61398e+00     2.09428e+00
       208        216     1.00000e+00     3.61375e+00     1.31800e+00
       209        217     1.00000e+00     3.61355e+00     1.00631e+00
       210        218     1.00000e+00     3.61346e+00     1.13309e+00
       211        219     1.00000e+00     3.61331e+00     1.41718e+00
       212        220     1.00000e+00     3.61315e+00     1.24857e+00
       213        221     1.00000e+00     3.61299e+00     1.09060e+00
       214        222     1.00000e+00     3.61285e+00     1.26675e+00
       215        223     1.00000e+00     3.61271e+00     1.33725e+00
       216        224     1.00000e+00     3.61254e+00     1.21785e+00
       217        225     1.00000e+00     3.61239e+00     1.96981e+00
       218        226     1.00000e+00     3.61221e+00     1.05884e+00
       219        227     1.00000e+00     3.61215e+00     8.65292e-01
       220        228     1.00000e+00     3.61204e+00     8.98607e-01
       221        229     1.00000e+00     3.61195e+00     1.46323e+00
       222        230     1.00000e+00     3.61184e+00     1.07460e+00
       223        231     1.00000e+00     3.61168e+00     9.28014e-01
       224        232     1.00000e+00     3.61156e+00     1.07476e+00
       225        233     1.00000e+00     3.61145e+00     1.95115e+00
       226        234     1.00000e+00     3.61128e+00     1.04144e+00
       227        235     1.00000e+00     3.61119e+00     8.39323e-01
       228        236     1.00000e+00     3.61108e+00     1.02389e+00
       229        237     1.00000e+00     3.61095e+00     1.17021e+00
       230        238     1.00000e+00     3.61086e+00     1.68412e+00
       231        239     1.00000e+00     3.61073e+00     9.71567e-01
       232        240     1.00000e+00     3.61065e+00     8.45080e-01
       233        241     1.00000e+00     3.61056e+00     1.05415e+00
       234        242     1.00000e+00     3.61043e+00     1.25438e+00
       235        243     1.00000e+00     3.61035e+00     2.20941e+00
       236        244     1.00000e+00     3.61017e+00     1.12933e+00
       237        245     1.00000e+00     3.61007e+00     8.05842e-01
       238        246     1.00000e+00     3.61001e+00     9.74639e-01
       239        247     1.00000e+00     3.60993e+00     1.04812e+00
       240        248     1.00000e+00     3.60986e+00     2.25029e+00
       241        249     1.00000e+00     3.60966e+00     1.29072e+00
       242        250     1.00000e+00     3.60952e+00     7.54470e-01
       243        251     1.00000e+00     3.60944e+00     8.57241e-01
       244        252     1.00000e+00     3.60932e+00     1.22710e+00
       245        253     1.00000e+00     3.60915e+00     1.00807e+00
       246        254     1.00000e+00     3.60901e+00     1.08505e+00
       247        255     1.00000e+00     3.60889e+00     1.18397e+00
       248        256     1.00000e+00     3.60880e+00     9.90233e-01
       249        257     1.00000e+00     3.60866e+00     1.02851e+00
       250        258     1.00000e+00     3.60851e+00     1.29200e+00
       251        259     1.00000e+00     3.60839e+00     1.36247e+00
       252        260     1.00000e+00     3.60831e+00     9.59186e-01
       253        261     1.00000e+00     3.60823e+00     8.59226e-01
       254        262     1.00000e+00     3.60816e+00     1.07310e+00
       255        263     1.00000e+00     3.60804e+00     1.41246e+00
       256        264     1.00000e+00     3.60792e+00     1.23334e+00
       257        265     1.00000e+00     3.60781e+00     1.03715e+00
       258        266     1.00000e+00     3.60769e+00     1.12155e+00
       259        267     1.00000e+00     3.60758e+00     1.31208e+00
       260        268     1.00000e+00     3.60749e+00     1.02440e+00
       261        269     1.00000e+00     3.60740e+00     9.22218e-01
       262        270     1.00000e+00     3.60732e+00     1.01411e+00
       263        271     1.00000e+00     3.60721e+00     1.12239e+00
       264        272     1.00000e+00     3.60712e+00     1.15630e+00
       265        273     1.00000e+00     3.60704e+00     8.95448e-01
       266        274     1.00000e+00     3.60695e+00     9.55416e-01
       267        275     1.00000e+00     3.60685e+00     1.10618e+00
       268        276     1.00000e+00     3.60679e+00     1.62320e+00
       269        277     1.00000e+00     3.60668e+00     8.72931e-01
       270        278     1.00000e+00     3.60662e+00     7.50128e-01
       271        279     1.00000e+00     3.60655e+00     9.20562e-01
       272        280     1.00000e+00     3.60647e+00     1.09727e+00
       273        281     1.00000e+00     3.60640e+00     1.61946e+00
       274        282     1.00000e+00     3.60628e+00     9.41827e-01
       275        283     1.00000e+00     3.60621e+00     7.79679e-01
       276        284     1.00000e+00     3.60614e+00     9.11426e-01
       277        285     1.00000e+00     3.60607e+00     1.00824e+00
       278        286     1.00000e+00     3.60601e+00     1.43831e+00
       279        287     1.00000e+00     3.60592e+00     7.70842e-01
       280        288     1.00000e+00     3.60587e+00     6.33483e-01
       281        289     1.00000e+00     3.60582e+00     8.16124e-01
       282        290     1.00000e+00     3.60576e+00     1.04350e+00
       283        291     1.00000e+00     3.60567e+00     1.00864e+00
       284        292     1.00000e+00     3.60555e+00     1.01532e+00
       285        293     1.00000e+00     3.60549e+00     1.19542e+00
       286        294     1.00000e+00     3.60543e+00     7.07568e-01
       287        295     1.00000e+00     3.60539e+00     6.73996e-01
       288        296     1.00000e+00     3.60535e+00     7.53145e-01
       289        297     1.00000e+00     3.60527e+00     1.08333e+00
       290        298     1.00000e+00     3.60519e+00     9.92832e-01
       291        299     1.00000e+00     3.60513e+00     7.45496e-01
       292        300     1.00000e+00     3.60508e+00     6.73572e-01
       293        301     1.00000e+00     3.60504e+00     7.52483e-01
       294        302     1.00000e+00     3.60495e+00     9.63724e-01
       295        303     1.00000e+00     3.60490e+00     1.21956e+00
       296        304     1.00000e+00     3.60484e+00     7.13302e-01
       297        305     1.00000e+00     3.60481e+00     5.19752e-01
       298        306     1.00000e+00     3.60478e+00     6.07392e-01
       299        307     1.00000e+00     3.60472e+00     8.27203e-01
       300        308     1.00000e+00     3.60467e+00     1.05183e+00
       301        309     1.00000e+00     3.60461e+00     7.43400e-01
       302        310     1.00000e+00     3.60457e+00     5.27835e-01
       303        311     1.00000e+00     3.60454e+00     5.91220e-01
       304        312     1.00000e+00     3.60451e+00     6.42426e-01
       305        313     1.00000e+00     3.60445e+00     8.98147e-01
       306        314     1.00000e+00     3.60441e+00     9.96396e-01
       307        315     1.00000e+00     3.60437e+00     5.24957e-01
       308        316     1.00000e+00     3.60435e+00     4.58091e-01
       309        317     1.00000e+00     3.60432e+00     5.41595e-01
       310        318     1.00000e+00     3.60427e+00     6.41855e-01
       311        319     1.00000e+00     3.60426e+00     1.22248e+00
       312        320     1.00000e+00     3.60420e+00     6.02216e-01
       313        321     1.00000e+00     3.60418e+00     4.19193e-01
       314        322     1.00000e+00     3.60416e+00     4.83617e-01
       315        323     1.00000e+00     3.60413e+00     6.09406e-01
       316        324     1.00000e+00     3.60408e+00     6.44210e-01
       317        325     1.00000e+00     3.60404e+00     7.91463e-01
       318        326     1.00000e+00     3.60400e+00     5.59760e-01
       319        327     1.00000e+00     3.60398e+00     5.23280e-01
       320        328     1.00000e+00     3.60395e+00     5.65449e-01
       321        329     1.00000e+00     3.60390e+00     7.60909e-01
       322        330     1.00000e+00     3.60387e+00     8.06648e-01
       323        331     1.00000e+00     3.60384e+00     5.30927e-01
       324        332     1.00000e+00     3.60381e+00     4.73494e-01
       325        333     1.00000e+00     3.60380e+00     5.00184e-01
       326        334     1.00000e+00     3.60376e+00     6.85064e-01
       327        335     1.00000e+00     3.60372e+00     7.32865e-01
       328        336     1.00000e+00     3.60369e+00     5.30243e-01
       329        337     1.00000e+00     3.60366e+00     5.09138e-01
       330        338     1.00000e+00     3.60364e+00     5.67116e-01
       331        339     1.00000e+00     3.60360e+00     5.64322e-01
       332        340     1.00000e+00     3.60358e+00     8.46137e-01
       333        341     1.00000e+00     3.60354e+00     5.37440e-01
       334        342     1.00000e+00     3.60352e+00     4.77404e-01
       335        343     1.00000e+00     3.60349e+00     4.49582e-01
       336        344     1.00000e+00     3.60346e+00     6.77916e-01
       337        345     1.00000e+00     3.60344e+00     5.10854e-01
       338        346     1.00000e+00     3.60342e+00     4.75537e-01
       339        347     1.00000e+00     3.60340e+00     5.14980e-01
       340        348     1.00000e+00     3.60337e+00     4.55367e-01
       341        349     1.00000e+00     3.60335e+00     4.58272e-01
       342        350     1.00000e+00     3.60333e+00     5.54562e-01
       343        351     1.00000e+00     3.60331e+00     4.73241e-01
       344        352     1.00000e+00     3.60328e+00     4.65396e-01
       345        353     1.00000e+00     3.60326e+00     5.58382e-01
       346        354     1.00000e+00     3.60324e+00     5.04941e-01
       347        355     1.00000e+00     3.60322e+00     4.12839e-01
       348        356     1.00000e+00     3.60320e+00     4.71108e-01
       349        357     1.00000e+00     3.60318e+00     5.68356e-01
       350        358     1.00000e+00     3.60316e+00     4.18353e-01
       351        359     1.00000e+00     3.60314e+00     3.69746e-01
       352        360     1.00000e+00     3.60313e+00     4.05892e-01
       353        361     1.00000e+00     3.60311e+00     4.49513e-01
       354        362     1.00000e+00     3.60309e+00     5.24966e-01
       355        363     1.00000e+00     3.60308e+00     3.86321e-01
       356        364     1.00000e+00     3.60306e+00     3.82575e-01
       357        365     1.00000e+00     3.60304e+00     4.34358e-01
       358        366     1.00000e+00     3.60303e+00     6.88415e-01
       359        367     1.00000e+00     3.60301e+00     3.84074e-01
       360        368     1.00000e+00     3.60300e+00     3.45574e-01
       361        369     1.00000e+00     3.60299e+00     4.22200e-01
       362        370     1.00000e+00     3.60297e+00     4.74338e-01
       363        371     1.00000e+00     3.60296e+00     7.87529e-01
       364        372     1.00000e+00     3.60293e+00     4.02545e-01
       365        373     1.00000e+00     3.60292e+00     2.82533e-01
       366        374     1.00000e+00     3.60291e+00     3.33895e-01
       367        375     1.00000e+00     3.60290e+00     4.09590e-01
       368        376     1.00000e+00     3.60288e+00     4.74398e-01
       369        377     1.00000e+00     3.60288e+00     7.33956e-01
       370        378     1.00000e+00     3.60285e+00     3.80575e-01
       371        379     1.00000e+00     3.60284e+00     2.70668e-01
       372        380     1.00000e+00     3.60283e+00     3.24474e-01
       373        381     1.00000e+00     3.60282e+00     3.82920e-01
       374        382     1.00000e+00     3.60280e+00     5.52199e-01
       375        383     1.00000e+00     3.60278e+00     4.66178e-01
       376        384     1.00000e+00     3.60277e+00     3.46031e-01
       377        385     1.00000e+00     3.60276e+00     3.38842e-01
       378        386     1.00000e+00     3.60275e+00     3.48401e-01
       379        387     1.00000e+00     3.60273e+00     3.98689e-01
       380        388     1.00000e+00     3.60273e+00     6.90837e-01
       381        389     1.00000e+00     3.60270e+00     3.68589e-01
       382        390     1.00000e+00     3.60270e+00     2.84181e-01
       383        391     1.00000e+00     3.60269e+00     3.20463e-01
       384        392     1.00000e+00     3.60267e+00     3.92790e-01
       385        393     1.00000e+00     3.60266e+00     6.27918e-01
       386        394     1.00000e+00     3.60264e+00     3.56923e-01
       387        395     1.00000e+00     3.60263e+00     2.99932e-01
       388        396     1.00000e+00     3.60262e+00     3.58308e-01
       389        397     1.00000e+00     3.60260e+00     4.32627e-01
       390        398     1.00000e+00     3.60259e+00     4.97935e-01
       391        399     1.00000e+00     3.60257e+00     3.41023e-01
       392        400     1.00000e+00     3.60256e+00     3.62249e-01
       393        401     1.00000e+00     3.60255e+00     3.64420e-01
       394        402     1.00000e+00     3.60253e+00     4.35938e-01
       395        403     1.00000e+00     3.60251e+00     5.94755e-01
       396        404     1.00000e+00     3.60249e+00     3.91296e-01
       397        405     1.00000e+00     3.60248e+00     3.69978e-01
       398        406     1.00000e+00     3.60247e+00     3.96724e-01
       399        407     1.00000e+00     3.60245e+00     4.98276e-01
       400        408     1.00000e+00     3.60243e+00     4.22049e-01
Exceeded Maximum Number of Iterations
 Iteration   FunEvals     Step Length    Function Val        Opt Cond
         1          4     9.58722e+00     1.38513e+00     6.89658e+00
         2          5     1.00000e+00     8.01383e-01     3.24943e+00
         3          6     1.00000e+00     6.52690e-01     2.73505e+00
         4          7     1.00000e+00     5.65703e-01     1.73146e+00
         5          8     1.00000e+00     5.18353e-01     1.15818e+00
         6          9     1.00000e+00     5.00830e-01     2.39635e+00
         7         10     1.00000e+00     4.60935e-01     7.10664e-01
         8         11     1.00000e+00     4.55742e-01     5.71627e-01
         9         12     1.00000e+00     4.48590e-01     5.58797e-01
        10         13     1.00000e+00     4.38410e-01     5.31006e-01
        11         14     1.00000e+00     4.31274e-01     1.25338e+00
        12         15     1.00000e+00     4.16648e-01     4.97985e-01
        13         16     1.00000e+00     4.11768e-01     3.70406e-01
        14         17     1.00000e+00     4.07249e-01     4.23299e-01
        15         18     1.00000e+00     4.01870e-01     3.64141e-01
        16         19     1.00000e+00     3.97025e-01     6.65666e-01
        17         20     1.00000e+00     3.91020e-01     2.57563e-01
        18         21     1.00000e+00     3.89243e-01     2.04377e-01
        19         22     1.00000e+00     3.86234e-01     2.12510e-01
        20         23     1.00000e+00     3.83133e-01     3.47753e-01
        21         24     1.00000e+00     3.80425e-01     2.12630e-01
        22         25     1.00000e+00     3.78957e-01     1.69089e-01
        23         26     1.00000e+00     3.77076e-01     1.26746e-01
        24         27     1.00000e+00     3.76109e-01     1.39655e-01
        25         28     1.00000e+00     3.74315e-01     1.41866e-01
        26         30     5.09477e-01     3.73623e-01     1.95652e-01
        27         31     1.00000e+00     3.72656e-01     9.64972e-02
        28         32     1.00000e+00     3.72091e-01     6.30258e-02
        29         33     1.00000e+00     3.71765e-01     7.33661e-02
        30         34     1.00000e+00     3.71458e-01     8.86498e-02
        31         35     1.00000e+00     3.71116e-01     6.11939e-02
        32         36     1.00000e+00     3.70860e-01     4.42560e-02
        33         37     1.00000e+00     3.70697e-01     4.19075e-02
        34         38     1.00000e+00     3.70561e-01     3.93721e-02
        35         39     1.00000e+00     3.70458e-01     4.97146e-02
        36         40     1.00000e+00     3.70366e-01     2.51290e-02
        37         41     1.00000e+00     3.70315e-01     2.60042e-02
        38         42     1.00000e+00     3.70267e-01     2.24549e-02
        39         43     1.00000e+00     3.70217e-01     1.48179e-02
        40         44     1.00000e+00     3.70182e-01     1.52173e-02
        41         45     1.00000e+00     3.70162e-01     1.26745e-02
        42         46     1.00000e+00     3.70150e-01     9.55587e-03
        43         47     1.00000e+00     3.70137e-01     7.36981e-03
        44         48     1.00000e+00     3.70132e-01     1.10135e-02
        45         49     1.00000e+00     3.70127e-01     6.37123e-03
        46         50     1.00000e+00     3.70123e-01     5.17751e-03
        47         51     1.00000e+00     3.70120e-01     5.01584e-03
        48         52     1.00000e+00     3.70115e-01     4.37509e-03
        49         54     4.15043e-01     3.70113e-01     3.74825e-03
        50         55     1.00000e+00     3.70112e-01     2.52260e-03
        51         56     1.00000e+00     3.70111e-01     2.15788e-03
        52         57     1.00000e+00     3.70110e-01     3.50094e-03
        53         58     1.00000e+00     3.70109e-01     1.54790e-03
        54         59     1.00000e+00     3.70109e-01     1.52202e-03
        55         60     1.00000e+00     3.70109e-01     1.40699e-03
        56         61     1.00000e+00     3.70108e-01     1.04888e-03
        57         62     1.00000e+00     3.70108e-01     1.48929e-03
        58         63     1.00000e+00     3.70108e-01     6.73573e-04
        59         64     1.00000e+00     3.70108e-01     6.82024e-04
        60         65     1.00000e+00     3.70108e-01     5.91136e-04
        61         66     1.00000e+00     3.70108e-01     4.16263e-04
        62         67     1.00000e+00     3.70108e-01     3.62121e-04
        63         68     1.00000e+00     3.70108e-01     3.97707e-04
        64         69     1.00000e+00     3.70108e-01     2.58688e-04
        65         70     1.00000e+00     3.70108e-01     1.65628e-04
        66         71     1.00000e+00     3.70108e-01     1.85531e-04
        67         72     1.00000e+00     3.70108e-01     1.79340e-04
        68         73     1.00000e+00     3.70108e-01     1.45670e-04
        69         74     1.00000e+00     3.70108e-01     1.30982e-04
        70         75     1.00000e+00     3.70108e-01     6.26731e-05
Directional Derivative below TolX
