2.683855
4.17893
6.358051
9.248512
7.351592
6.385435
6.629183
6.450898
4.760026
5.743462
6.603592
5.452049
4.199065
4.184762
2.518102
2.080707
2.207536
1.998886
1.791156
1.648242
1.696849
1.6255
1.451436
1.345092
1.328788
1.299605
1.090225
1.113227
0.968867
0.868394
0.826325
0.924001
0.748384
0.741969
0.711753
0.607291
0.751484
0.606733
0.655265
0.668258
0.63922
0.647526
0.686917
0.610458
0.50148
0.470999
0.44942
0.578164
0.381476
0.585145
0.631167
0.362264
0.473298
0.509438
0.542662
0.437383
0.530543
0.420581
0.309739
0.450822
0.389743
0.447975
0.473899
0.324832
0.482125
0.440661
0.382361
0.488414
0.387063
0.30905
0.366
0.46167
0.333265
0.331644
0.535507
0.394935
0.432259
0.285085
0.352324
0.460412
0.36063
0.438612
0.432385
0.325156
0.593435
0.333456
0.376218
0.331881
0.395472
0.367073
0.3661
0.435594
0.324018
0.400359
0.509972
0.399729
0.290104
0.288932
0.314309
0.323578
0.282783
0.287828
0.290754
0.231021
0.369852
0.270209
0.436008
0.204802
0.335252
0.281728
0.335662
0.305771
0.337428
0.295776
0.237551
0.316387
0.252925
0.324819
0.235884
0.327836
0.347235
0.359675
0.356808
0.304537
0.274564
0.316976
0.278193
0.26383
0.255417
0.360021
0.302017
0.299154
0.237105
0.256925
0.252607
0.251028
0.237286
0.242838
0.265297
0.24207
0.305403
0.24689
0.37229
0.260183
0.245147
0.251182
0.21656
0.273066
0.243328
0.31949
0.220808
0.227436
0.282099
0.187456
0.276344
0.160679
0.211793
0.228193
0.227454
0.247208
0.200243
0.229684
0.290015
0.223134
0.260184
0.203082
0.231787
0.252793
0.241632
0.209821
0.334133
0.19492
0.200582
0.230948
0.227303
0.29298
0.285237
0.198721
0.174731
0.192859
0.187299
0.226132
0.202091
0.198363
0.206201
0.140775
0.203463
0.165444
0.164947
0.225486
0.223927
0.153244
0.186336
0.185658
0.258408
0.215876
0.218364
0.157881
0.174465
0.137675
0.244724
0.200773
0.267781
0.140144
0.195286
0.172341
0.207976
0.173758
0.216537
0.269909
0.158268
0.212225
0.205797
0.211538
0.287463
0.176752
0.192335
0.150763
0.202483
0.205775
0.168004
0.187038
0.23433
0.122125
0.191883
0.19079
0.300906
0.186086
0.187639
0.178492
0.288385
0.204462
0.124817
0.255087
0.23439
0.14681
0.230265
0.195725
0.140683
0.171689
0.160939
0.178711
0.288953
0.188821
0.202878
0.20877
0.170573
0.226425
0.169974
0.199266
0.206428
0.153618
0.270079
0.149152
0.259278
0.165401
0.14511
0.153717
0.18283
0.245033
0.084031
0.173916
0.120028
0.151145
0.164558
0.147254
0.126758
0.192298
0.115315
0.157028
0.186767
0.167509
0.167886
0.134004
0.145461
0.156908
0.144073
0.135423
0.195333
0.169235
0.100288
0.185517
0.193175
0.195727
0.194874
0.166307
0.132273
0.20193
0.142682
0.117005
0.12139
0.139184
0.167993
0.165113
0.151548
0.157057
0.133188
0.160535
0.176529
0.128999
0.147326
0.147875
0.160305
0.118045
0.151104
0.138102
0.142044
0.154703
0.176468
0.191934
0.182216
0.176672
0.157542
0.198282
0.123986
0.10787
0.121009
0.135279
0.163618
0.168522
0.225157
0.123203
0.161553
0.178448
0.117749
0.095989
0.174319
0.085723
0.161783
0.12803
0.12781
0.145602
0.10649
0.112636
0.145463
0.14263
0.162051
0.177927
0.100733
0.162506
0.151228
0.186615
0.121952
0.174898
0.19015
0.145522
0.113456
0.212325
0.157981
0.164403
0.15885
0.172109
0.175519
0.123118
0.1386
0.108004
0.117974
0.119939
0.138843
0.095425
0.174671
0.136433
0.140317
0.119636
0.14272
0.12514
0.115677
0.21137
0.10732
0.138754
0.146418
0.152108
0.094009
0.19982
0.08687
0.106435
0.106513
0.069145
0.135741
0.175902
0.154667
0.171618
0.168426
0.146413
0.131073
0.140563
0.193148
0.122491
0.239129
0.108536
0.199158
0.133496
0.2487
0.204652
0.110202
0.09884
0.251126
0.128894
0.112865
0.116889
0.213058
0.057946
0.154092
0.144335
0.101557
0.106765
0.173492
0.158818
0.151163
0.127584
0.115292
0.138009
0.102852
0.126401
0.16475
0.14675
0.136319
0.148119
0.142161
0.136169
0.095677
0.134009
0.084645
0.091753
0.127332
0.162462
0.163054
0.154484
0.189679
0.114178
0.172489
0.099864
0.107061
0.122234
0.218634
0.14111
0.161223
0.082418
0.116707
0.135434
0.110615
0.116711
0.121467
0.143211
0.110992
0.153323
0.122592
0.13494
0.116612
0.13588
0.130976
0.131054
0.149317
0.136437
0.14881
0.158668
0.083177
0.14371
0.165237
0.150773
0.180789
0.130331
0.077018
0.138794
0.086236
0.141163
0.111455
0.119248
0.105442
0.11369
0.139363
0.126582
0.088849
0.128337
0.117507
0.109561
0.083723
0.102273
0.110235
0.122609
0.138738
0.109025
0.116983
0.152122
0.077379
0.153249
0.073035
0.102928
0.114532
0.104795
0.118568
0.127479
0.094626
0.107668
0.065114
0.084055
0.116152
0.201488
0.122079
0.155256
0.13779
0.153909
0.171171
0.20725
0.097572
0.104613
0.106275
0.158726
0.133364
0.169018
0.153091
0.085816
0.101395
0.111284
0.120625
0.116228
0.136092
0.158205
0.119495
0.138977
0.129757
0.156045
0.104303
0.084084
0.144001
0.163555
0.107278
0.089861
0.080554
0.132032
0.188463
0.187453
0.165472
0.106471
0.089639
0.179035
0.107911
0.082156
0.208465
0.075135
0.103742
0.103495
0.093109
0.083745
0.145697
0.159911
0.107208
0.105069
0.115209
0.128092
0.158038
0.162429
0.084046
0.129073
0.094328
0.13355
0.117861
0.095426
0.083738
0.161245
0.077346
0.130592
0.135929
0.142744
0.154524
0.18242
0.135982
0.120688
0.14289
0.070429
0.112246
0.102773
0.133043
0.07389
0.209002
0.125464
0.157916
0.108396
0.129146
0.115373
0.101972
0.128081
0.156468
0.114396
0.115043
0.106491
0.125599
0.088897
0.127221
0.162674
0.187752
0.082465
0.130205
0.152928
0.133055
0.126849
0.119313
0.11245
0.130802
0.107698
0.155048
0.155375
0.131048
0.193689
0.10747
0.082596
0.098837
0.13463
0.093866
0.074545
0.135131
0.120031
0.153579
0.10415
0.063282
0.144326
0.116073
0.063487
0.131005
0.129142
0.202833
0.106777
0.155902
0.119905
0.130114
0.134356
0.161858
0.109252
0.149079
0.084595
0.135276
0.092379
0.107559
0.120892
0.086938
0.107316
0.098736
0.120787
0.094839
0.129213
0.128051
0.128817
0.099305
0.150891
0.08089
0.096625
0.127571
0.10577
0.09987
0.144573
0.105263
0.081377
0.096339
0.129363
0.178809
0.082899
0.079631
0.103697
0.085039
0.269134
0.089637
0.072023
0.11308
0.152659
0.101037
0.121401
0.18355
0.115106
0.100187
0.13436
0.149892
0.124152
0.093985
0.102116
0.137226
0.130383
0.079647
0.107965
0.117379
0.084473
0.127676
0.107196
0.14195
0.101034
0.134051
0.105684
0.106185
0.14967
0.199885
0.110251
0.120245
0.123498
0.105709
0.106713
0.123075
0.117856
0.09213
0.124076
0.116249
0.083231
0.118319
0.096711
0.107166
0.126116
0.102394
0.112242
0.097867
0.085256
0.20464
0.084231
0.118964
0.124603
0.166239
0.086131
0.11221
0.154155
0.123244
0.115527
0.114872
0.109437
0.181587
0.158194
0.132354
0.096151
0.090437
0.154784
0.138642
0.135316
0.078937
0.087504
0.089728
0.118931
0.086261
0.093663
0.081782
0.107428
0.164365
0.085091
0.107369
0.085136
0.114688
0.102049
0.074941
0.089896
0.175046
0.102059
0.09688
0.148811
0.123141
0.093074
0.107513
0.092223
0.089079
0.117702
0.082115
0.08801
0.089103
0.111203
0.160966
0.145244
0.071194
0.101596
0.102022
0.067236
0.129893
0.087907
0.107504
0.137833
0.108043
0.101999
0.103062
0.128013
0.13022
0.111372
0.085827
0.164751
0.080932
0.124804
0.179397
0.117804
0.096458
0.09523
0.085076
0.186595
0.128092
0.14698
0.121881
0.086993
0.098423
0.095739
0.087771
0.132578
0.097769
0.111886
0.119035
0.121438
0.085706
0.131629
0.092821
0.083118
0.103346
0.127771
0.126958
0.082938
0.167119
0.071425
0.07359
0.12508
0.144469
0.10735
0.113921
0.146195
0.134795
0.139988
0.123779
0.122778
0.129435
0.153173
0.081471
0.098106
0.088935
0.089415
0.168959
0.120995
0.10038
0.121904
0.089975
0.139175
0.108227
0.084111
0.088319
0.114891
0.073076
0.128811
0.135066
0.132461
0.091257
0.165067
0.076918
0.073303
0.129778
0.118638
0.094321
0.111899
0.139979
0.078864
0.131277
0.107137
0.130137
0.052522
0.161394
0.08182
0.130365
0.121221
0.071113
0.133646
0.080368
0.115266
0.096558
0.089298
0.183157
0.114635
0.085066
0.072395
0.11182
0.113371
0.08805
0.151873
0.140889
0.098432
0.134491
0.097104
0.139615
0.158112
0.100419
0.132065
0.104931
0.117967
0.094888
0.114426
0.101541
0.125852
0.095411
0.136819
0.156126
0.100919
0.128785
0.08577
0.093972
0.107126
0.160614
0.130563
0.131235
0.163137
0.108901
0.104428
0.142137
0.112678
0.070341
0.061187
0.093655
0.080324
0.123311
0.11311
0.128074
0.138332
0.081096
0.08547
0.083162
0.113866
0.135059
0.115113
0.095113
0.085978
0.074384
0.146942
0.142069
0.089437
0.109567
0.137473
0.127676
0.085124
0.115506
0.11062
0.08926
0.158338
0.086169
0.092857
0.095007
0.098619
0.062804
0.190267
0.090339
0.077753
0.145489
0.095526
0.110817
0.107254
0.134279
0.111503
0.10073
0.123664
0.125384
0.097506
0.13102
0.120854
0.149504
0.078092
0.081703
0.121412
0.112821
0.063219
0.059732
0.071272
0.107722
0.133947
0.164263
0.171229
0.100019
0.073329
0.107648
0.071564
0.094559
0.122646
0.087808
0.122465
0.107352
0.099165
0.060399
0.127627
0.093497
0.139758
0.108957
0.154211
0.096238
0.101882
0.06633
0.111239
0.093797
0.133137
0.060271
0.122021
0.133169
0.080487
0.075778
0.134834
0.0737
0.104999
0.08805
0.110135
0.154605
0.079105
0.091336
0.082626
0.124375
0.113859
0.090575
0.117107
0.144783
0.146386
0.079507
0.104515
0.139993
0.11334
0.11668
0.119031
0.121246
0.120262
0.103952
0.088371
0.100938
0.100857
0.121274
0.104232
0.097572
0.148427
0.100153
0.109269
0.093121
0.080916
0.060068
0.100035
0.155711
0.130149
0.094296
0.171188
0.113476
0.102384
0.094708
0.143942
0.068846
0.091252
0.079224
0.065416
0.13036
0.120138
0.167799
0.072769
0.130419
0.083073
0.128296
0.142202
0.089115
0.107601
0.135519
0.082767
0.108963
0.10535
0.122668
0.128793
0.082996
0.10874
0.136638
0.082487
0.123689
0.124513
0.106188
0.180219
0.082855
0.141007
0.106185
0.089819
0.075865
0.126294
0.123571
0.079263
0.116438
0.104421
0.097863
0.13368
0.109477
0.138001
0.145418
0.076939
0.105599
0.079023
0.162829
0.092306
0.111356
0.137595
0.162982
0.113586
0.078459
0.137918
0.10839
0.090265
0.11792
0.102043
0.130811
0.119026
0.114718
0.09751
0.087521
0.076681
0.087806
0.082247
0.126515
0.078364
0.211344
0.080645
0.122637
0.07028
0.055377
0.084589
0.109057
0.1482
0.102502
0.087264
0.175396
0.096208
0.096427
0.110191
0.101328
0.112307
0.109937
0.130435
0.122989
0.091356
0.107438
0.098656
0.057863
0.072584
0.102765
0.074097
0.120034
0.118183
0.090041
0.133274
0.081548
0.114637
0.095207
0.159688
0.156593
0.091768
0.093783
0.083102
0.153321
0.074708
0.079745
0.128937
0.159776
0.117464
0.110577
0.100413
0.127692
0.110382
0.087391
0.085872
0.101084
0.124449
0.155714
0.098806
0.148836
0.10656
0.101877
0.075249
0.094959
0.116752
0.074412
0.09943
0.061005
0.106897
0.111369
0.092501
0.091642
0.120342
0.134285
0.085658
0.165853
0.102728
0.105091
0.124702
0.094554
0.116735
0.110708
0.115152
0.092562
0.145231
0.064469
0.06587
0.138162
0.13235
0.134569
0.142804
0.132526
0.084013
0.06666
0.107428
0.082829
0.121976
0.109953
0.144299
0.117421
0.095859
0.110966
0.149657
0.065089
0.086027
0.08481
0.116564
0.102878
0.102476
0.086806
0.117308
0.161593
0.10537
0.114663
0.078874
0.08488
0.16132
0.075468
0.130106
0.121686
0.093237
0.105727
0.15644
0.073623
0.097965
0.088233
0.091829
0.125589
0.082285
0.110494
0.13075
0.114013
0.082745
0.146477
0.119594
0.142515
0.093941
0.071381
0.112697
0.102602
0.15659
0.075754
0.094866
0.127747
0.128934
0.099766
0.090144
0.129739
0.10111
0.155652
0.118249
0.089136
0.118708
0.142421
0.131444
0.115167
0.086655
0.118587
0.106095
0.113108
0.105126
0.095288
0.10591
0.108708
0.14595
0.074541
0.130285
0.102872
0.083262
0.117469
0.112208
0.139111
0.102063
0.129589
0.161706
0.086254
0.129312
0.116647
0.112304
0.110651
0.076791
0.090889
0.098704
0.144505
0.127751
0.128008
0.076783
0.127831
0.081507
0.080311
0.088681
0.11849
0.10148
0.092024
0.136936
0.094569
0.101964
0.116242
0.124253
0.087687
0.102166
0.072274
0.10918
0.139771
0.1294
0.097699
0.159173
0.106434
0.125143
0.093546
0.077032
0.075918
0.124713
0.112469
0.072426
0.126907
0.081682
0.075168
0.071139
0.105028
0.104108
0.109712
0.138501
0.121062
0.112537
0.094577
0.080521
0.174444
0.111751
0.079237
0.090598
0.087104
0.094892
0.104279
0.096638
0.077939
0.113125
0.081873
0.109609
0.123106
0.08568
0.091636
0.109286
0.089346
0.113673
0.081087
0.115502
0.125206
0.110463
0.119342
0.15299
0.13629
0.124704
0.138222
0.097473
0.083159
0.097762
0.097504
0.09981
0.110838
0.150571
0.107342
0.107032
0.096973
0.07755
0.104624
0.11066
0.158678
0.085695
0.093123
0.109567
0.10148
0.092691
0.089245
0.070663
0.115413
0.068672
0.095588
0.099686
0.125266
0.083186
0.095832
0.072288
0.108557
0.097158
0.093375
0.075013
0.067087
0.12284
0.121009
0.081458
0.121691
0.144917
0.134904
0.102451
0.088626
0.100314
0.08203
0.084828
0.081908
0.100955
0.132955
0.100674
0.077495
0.062847
0.126675
0.115391
0.078379
0.126271
0.13573
0.149033
0.094645
0.104783
0.094072
0.110806
0.124581
0.090549
0.105645
0.093335
0.103301
0.119259
0.148196
0.079137
0.105517
0.104766
0.094338
0.103001
0.119366
0.088227
0.096434
0.115905
0.085139
0.096661
0.102575
0.12406
0.098464
0.133157
0.145568
0.095073
0.128493
0.131989
0.117138
0.115
0.108048
0.168177
0.119887
0.128893
0.072786
0.104314
0.131232
0.094351
0.125263
0.095648
0.080623
0.125054
0.066759
0.110124
0.072954
0.126056
0.094384
0.066774
0.125185
0.084615
0.082185
0.136081
0.116635
0.060159
0.090697
0.089543
0.076393
0.098708
0.135532
0.097727
0.124827
0.09432
0.111327
0.140629
0.101647
0.133177
0.104845
0.129248
0.107286
0.108813
0.128722
0.075584
0.067077
0.147197
0.08635
0.105742
0.076137
0.121656
0.106429
0.128275
0.101069
0.113722
0.090673
0.099639
0.131568
0.169733
0.075216
0.085855
0.147668
0.156552
0.120583
0.11724
0.110555
0.122622
0.088114
0.112026
0.073372
0.116267
0.143673
0.125949
0.114666
0.100051
0.093515
0.080769
0.084055
0.07481
0.074473
0.084346
0.118884
0.107302
0.08329
0.125997
0.128548
0.061773
0.110947
0.117603
0.068878
0.111069
0.108487
0.149833
0.105682
0.115445
0.077073
0.147362
0.101544
0.106951
0.101766
0.070898
0.101577
0.093194
0.061262
0.140334
0.080766
0.105212
0.083586
0.080928
0.08294
0.105364
0.118677
0.128874
0.102494
0.097765
0.082958
0.112879
0.101215
0.06811
0.117269
0.151693
0.167874
0.10209
0.104945
0.130636
0.120078
0.112331
0.120968
0.076991
0.120252
0.123685
0.119005
0.077688
0.104914
0.101238
0.132388
0.157024
0.09445
0.189468
0.100564
0.145181
0.086655
0.074933
0.094772
0.070834
0.140134
0.103791
0.085325
0.102035
0.086282
0.149362
0.06927
0.087411
0.098556
0.118118
0.08526
0.055565
0.105037
0.105596
0.085319
0.081722
0.079365
0.095522
0.081343
0.120025
0.098564
0.117038
0.125363
0.118325
0.139086
0.090672
0.103617
0.08689
0.132282
0.108863
0.094636
0.131528
0.088167
0.088126
0.133811
0.121711
0.054061
0.102758
0.136458
0.110552
0.111336
0.100826
0.113243
0.104402
0.087391
0.128147
0.112235
0.082412
0.099643
0.102114
0.094503
0.09202
0.098821
0.123042
0.170165
0.08794
0.098763
0.067162
0.139965
0.10268
0.131511
0.092944
0.064768
0.146929
0.120118
0.133209
0.094056
0.089112
0.072873
0.078766
0.097396
0.106184
0.1327
0.104415
0.149262
0.114581
0.112769
0.128837
0.105092
0.09273
0.141823
0.088909
0.102998
0.088061
0.068588
0.089172
0.085297
0.09563
0.094757
0.080433
0.091559
0.07323
0.09627
0.07802
0.092257
0.106212
0.087976
0.114072
0.0933
0.113684
0.107194
0.145871
0.141067
0.142929
0.111397
0.122291
0.125447
0.163692
0.100346
0.092028
0.087452
0.073479
0.09703
0.128119
0.099952
0.060571
0.130152
0.074822
0.130504
0.06002
0.105522
0.103991
0.113003
0.12613
0.126601
0.115989
0.144613
0.063188
0.09629
0.094545
0.123955
0.126735
0.120855
0.099516
0.143354
0.114989
0.128358
0.105128
0.143238
0.075726
0.098896
0.102624
0.153859
0.106893
0.075609
0.136001
0.08744
0.106885
0.112665
0.129004
0.127714
0.128858
0.125489
0.096933
0.083897
0.125311
0.111286
0.098014
0.095539
0.104521
0.10792
0.057456
0.169067
0.159448
0.104685
0.103204
0.107385
0.090413
0.108571
0.151579
0.070204
0.111029
0.08832
0.108003
0.056246
0.085504
0.06991
0.083277
0.141392
0.104789
0.140044
0.079475
0.110609
0.095939
0.098834
0.091263
0.106046
0.099446
0.106673
0.076691
0.069802
0.114295
0.123836
0.084133
0.110657
0.146621
0.107008
0.120831
0.080235
0.093822
0.08829
0.098752
0.107142
0.172343
0.1105
0.090616
0.067151
0.095594
0.090915
0.118324
0.087134
0.119736
0.115656
0.106994
0.141635
0.117048
0.081739
0.089997
0.081865
0.115756
0.057011
0.094093
0.09068
0.076958
0.103116
0.132017
0.093359
0.092638
0.139158
0.102844
0.105131
0.150478
0.09633
0.084316
0.077354
0.162268
0.147701
0.145439
0.110017
0.108438
0.083976
0.077561
0.085636
0.089878
0.124693
0.097491
0.086913
0.127523
0.092203
0.091903
0.095886
0.142463
0.087024
0.118462
0.128674
0.085857
0.109307
0.097279
0.107694
0.141
0.092386
0.114755
0.12932
0.161487
0.150464
0.096652
0.115949
0.095627
0.074925
0.074379
0.087927
0.07106
0.077814
0.138448
0.079658
0.127205
0.108534
0.089333
0.106076
0.112528
0.106264
0.09699
0.087508
0.164591
0.099808
0.110132
0.082894
0.129177
0.144376
0.096406
0.07619
0.083309
0.098054
0.101845
0.090761
0.122741
0.130917
0.078416
0.155914
0.09673
0.142999
0.083121
0.054032
0.098729
0.09211
0.153715
0.106815
0.143495
0.145709
0.070502
0.089535
0.129362
0.071947
0.113303
0.09247
0.086057
0.083274
0.132783
0.14373
0.139807
0.126161
0.198817
0.072826
0.092667
0.108341
0.053469
0.153636
0.113952
0.083558
0.101914
0.08716
0.101261
0.122252
0.085305
0.074365
0.093601
0.143225
0.19688
0.096738
0.091201
0.071288
0.115836
0.088541
0.081937
0.114301
0.118466
0.098739
0.068816
0.119179
0.090636
0.118481
0.101369
0.087999
0.096697
0.096988
0.121722
0.124953
0.068363
0.087699
0.108035
0.075544
0.046298
0.103285
0.082586
0.092866
0.090692
0.123198
0.110066
0.125352
0.090515
0.08764
0.103081
0.135847
0.124024
0.07205
0.063646
0.094143
0.104741
0.097775
0.103628
0.074175
0.133536
0.151731
0.104059
0.129656
0.127838
0.099645
0.083011
0.090308
0.073684
0.125525
0.092997
0.100405
0.11969
0.085674
0.11987
0.093174
0.089756
0.075446
0.085293
0.124348
0.084864
0.079002
0.08375
0.051903
0.102019
0.084691
0.084683
0.168765
0.079969
0.105612
0.077544
0.100858
0.129256
0.122678
0.094765
0.069593
0.137072
0.14842
0.123365
0.093433
0.071751
0.134794
0.139418
0.109894
0.092684
0.086689
0.140549
0.073506
0.108649
0.097102
0.092948
0.057115
0.080798
0.102667
0.09725
0.097545
0.117032
0.091827
0.117748
0.08831
0.130216
0.076332
0.133571
0.085548
0.102679
0.062034
0.134065
0.124517
0.099851
0.102997
0.126767
0.127111
0.102491
0.103521
0.084184
0.160377
0.087668
0.075735
0.122936
0.080371
0.08949
0.120164
0.091341
0.065908
0.138096
0.079377
0.088956
0.10178
0.125955
0.143735
0.113714
0.105737
0.101175
0.203555
0.086889
0.099198
0.140564
0.161047
0.084313
0.111466
0.09755
0.090544
0.103425
0.129151
0.113216
0.080445
0.145449
0.10484
0.092986
0.103041
0.078065
0.103391
0.118474
0.124221
0.077059
0.107174
0.106453
0.092497
0.138969
0.189359
0.096441
0.114779
0.102438
0.085577
0.13367
0.10632
0.063509
0.131239
0.111441
0.126859
0.111757
0.133278
0.117356
0.106678
0.114509
0.114117
0.165262
0.134761
0.134071
0.089067
0.117513
0.065219
0.129847
0.094109
0.059078
0.081956
0.141839
0.128004
0.12363
0.068238
0.100454
0.138674
0.083579
0.122661
0.107012
0.103231
0.091942
0.072759
0.113106
0.097999
0.143461
0.105404
0.134875
0.116006
0.096621
0.130819
0.161444
0.108686
0.110797
0.147762
0.077263
0.090851
0.070697
0.090081
0.063318
0.113768
0.153529
0.092061
0.141452
0.1027
0.110319
0.090304
0.084424
0.125292
0.11518
0.117385
0.131496
0.075546
0.065511
0.111577
0.119174
0.107753
0.061951
0.084053
0.090204
0.110047
0.132602
0.102071
0.163563
0.09971
0.182101
0.113864
0.089719
0.22136
0.100227
0.113153
0.074468
0.08662
0.082051
0.082319
0.109792
0.088532
0.077384
0.117736
0.079306
0.141231
0.12809
0.087127
0.089949
0.061751
0.096034
0.110584
0.093592
0.094284
0.068341
0.12323
0.09651
0.136541
0.09053
0.081641
0.095343
0.105803
0.080806
0.089946
0.145335
0.095969
0.088954
0.077953
0.063147
0.071675
0.096217
0.090139
0.112803
0.094169
0.086669
0.125048
0.166908
0.102376
0.115792
0.084303
0.102349
0.088085
0.10155
0.09255
0.058187
0.111384
0.065303
0.130942
0.107616
0.10588
0.08692
0.086681
0.085928
0.106805
0.137184
0.113339
0.093044
0.145663
0.071671
0.088814
0.146698
0.070709
0.152335
0.113102
0.093649
0.109134
0.124552
0.078898
0.071616
0.110371
0.102681
0.063322
0.118365
0.07495
0.105641
0.123123
0.128805
0.097385
0.097708
0.099372
0.10375
0.124702
0.144719
0.117542
0.063656
0.119445
0.081584
0.096273
0.073459
0.08519
0.110045
0.125948
0.151394
0.143491
0.131221
0.216925
0.103729
0.132043
0.090504
0.081527
0.0954
0.058071
0.071108
0.094325
0.113298
0.077071
0.089008
0.100216
0.114064
0.203147
0.109022
0.119158
0.091936
0.11217
0.11808
0.118946
0.057854
0.148493
0.097683
0.082654
0.104293
0.096828
0.068557
0.115416
0.072986
0.132092
0.077209
0.108263
0.158856
0.101717
0.104161
0.069938
0.097779
0.12728
0.087023
0.114073
0.103607
0.086511
0.08863
0.115267
0.075805
0.123244
0.083973
0.175895
0.100437
0.099486
0.097002
0.076722
0.13748
0.092624
0.121892
0.126078
0.139004
0.138931
0.141438
0.087224
0.072196
0.108882
0.127673
0.114156
0.085968
0.117342
0.116875
0.124362
0.074531
0.080131
0.084322
0.075648
0.101518
0.160817
0.165078
