2.517393
4.473765
6.2144
9.25005
9.19321
9.132035
9.760073
7.301631
6.695678
5.57523
4.191907
3.813863
3.427555
2.640611
2.332696
2.046001
1.886753
1.764844
1.726601
1.614219
1.602359
1.632895
1.473187
1.436226
1.330554
1.326513
1.189047
1.087032
0.969216
0.956859
0.923969
0.904959
0.866219
0.770127
0.823948
0.695084
0.686686
0.627232
0.623593
0.483268
0.653338
0.564841
0.580072
0.64934
0.67387
0.534628
0.5594
0.490029
0.791813
0.535835
0.483394
0.687513
0.460598
0.450393
0.541054
0.528358
0.348389
0.603553
0.549339
0.509674
0.374671
0.378522
0.653633
0.430385
0.456374
0.569649
0.276383
0.57342
0.38287
0.327339
0.384975
0.359314
0.409404
0.299128
0.194789
0.482918
0.525369
0.352504
0.364582
0.410993
0.383348
0.425099
0.38694
0.398479
0.340883
0.337767
0.358191
0.386966
0.294524
0.353922
0.41524
0.364644
0.290423
0.435579
0.372991
0.310037
0.267133
0.402246
0.439011
0.301384
0.309192
0.315261
0.362297
0.293752
0.323627
0.334675
0.38848
0.289315
0.22078
0.358855
0.520008
0.237369
0.326076
0.326585
0.365408
0.238886
0.34234
0.228025
0.279906
0.17714
0.381352
0.314097
0.208475
0.290138
0.338784
0.252633
0.286359
0.205363
0.284373
0.191467
0.233477
0.328758
0.315425
0.238552
0.155223
0.259372
0.410545
0.203795
0.185975
0.386209
0.246467
0.223468
0.299044
0.180943
0.32178
0.247992
0.296123
0.316833
0.261924
0.293576
0.177652
0.220319
0.262078
0.269259
0.280592
0.306996
0.22891
0.248461
0.263325
0.173829
0.225385
0.296756
0.228354
0.188832
0.245505
0.175769
0.181768
0.249964
0.153874
0.241522
0.307685
0.314654
0.182254
0.1501
0.207025
0.312243
0.305278
0.216872
0.244033
0.165133
0.234225
0.239935
0.147112
0.299596
0.195892
0.264755
0.170578
0.253035
0.181594
0.216432
0.228801
0.243336
0.261909
0.200287
0.223302
0.125897
0.19653
0.244432
0.269322
0.131275
0.245458
0.234799
0.199508
0.275746
0.211707
0.246372
0.210875
0.227611
0.289315
0.206583
0.227631
0.308807
0.285811
0.189938
0.211161
0.258141
0.194855
0.255145
0.258705
0.194603
0.257618
0.268686
0.230374
0.207253
0.202766
0.144356
0.227644
0.152372
0.234492
0.171793
0.162307
0.248402
0.104457
0.160104
0.137621
0.141459
0.179674
0.162771
0.143807
0.221192
0.227646
0.141724
0.229373
0.173525
0.215337
0.152036
0.202551
0.224441
0.209864
0.169964
0.18537
0.159402
0.146261
0.13195
0.170209
0.208807
0.230919
0.146674
0.151213
0.180581
0.141134
0.136919
0.114218
0.171191
0.21715
0.214401
0.122237
0.11534
0.155674
0.142108
0.175686
0.172823
0.183253
0.214054
0.109954
0.126183
0.163992
0.207703
0.183485
0.190253
0.121575
0.18641
0.149283
0.190064
0.165853
0.148006
0.146505
0.180748
0.171497
0.164146
0.209194
0.132407
0.163691
0.135105
0.174764
0.148867
0.174723
0.135449
0.20567
0.12277
0.16645
0.177692
0.211729
0.168579
0.137224
0.199778
0.138066
0.198461
0.147027
0.17798
0.136961
0.160856
0.212136
0.137693
0.157913
0.229249
0.142488
0.120032
0.138261
0.223014
0.151781
0.143826
0.185274
0.204241
0.223225
0.150988
0.091475
0.166331
0.14162
0.154348
0.191751
0.163176
0.140192
0.173656
0.211508
0.165336
0.118828
0.153047
0.137582
0.143534
0.107023
0.155253
0.098652
0.167218
0.100757
0.15096
0.118266
0.147742
0.14085
0.174817
0.171693
0.120786
0.143893
0.140957
0.154937
0.135551
0.155877
0.198615
0.158177
0.171103
0.164481
0.136291
0.082512
0.193412
0.126889
0.182771
0.147622
0.140388
0.191893
0.160789
0.142721
0.100115
0.130752
0.117384
0.128007
0.144139
0.188731
0.12389
0.198911
0.212193
0.13309
0.214582
0.125472
0.137589
0.142973
0.125262
0.160985
0.119221
0.126364
0.187085
0.13237
0.161482
0.144823
0.154552
0.165795
0.127665
0.133827
0.167969
0.189474
0.135092
0.249927
0.142285
0.18142
0.151154
0.169355
0.164327
0.109563
0.145144
0.119805
0.156519
0.218727
0.166812
0.13015
0.136858
0.122814
0.093002
0.183364
0.176143
0.227935
0.105494
0.160969
0.160087
0.139275
0.17045
0.14406
0.189449
0.146694
0.180011
0.138058
0.199043
0.16203
0.178498
0.125
0.191703
0.128129
0.088771
0.15343
0.116726
0.12216
0.177566
0.140402
0.149248
0.175197
0.116204
0.105399
0.162333
0.137404
0.191073
0.122019
0.157938
0.134629
0.133082
0.157988
0.123896
0.104577
0.11259
0.185877
0.134388
0.12412
0.117906
0.0818
0.100447
0.092462
0.166734
0.119609
0.096406
0.150793
0.116183
0.131174
0.118782
0.133826
0.130623
0.124381
0.105038
0.139923
0.10952
0.135639
0.141236
0.113434
0.160304
0.159182
0.134959
0.156017
0.096354
0.214275
0.121344
0.093451
0.126248
0.138849
0.110958
0.094688
0.157188
0.111262
0.111149
0.120067
0.11068
0.103978
0.171063
0.158603
0.107684
0.151479
0.123939
0.158665
0.156109
0.139515
0.160945
0.131438
0.149109
0.111299
0.136049
0.110368
0.16606
0.149514
0.131314
0.136147
0.154072
0.137953
0.113994
0.139543
0.12374
0.190969
0.174437
0.142861
0.126321
0.113157
0.17078
0.118375
0.125677
0.107395
0.092663
0.101549
0.136557
0.094336
0.100252
0.118487
0.153413
0.084558
0.114347
0.12457
0.116628
0.119324
0.13956
0.092627
0.200817
0.10985
0.105498
0.184512
0.171084
0.117505
0.081797
0.11509
0.144986
0.120056
0.103915
0.118435
0.087809
0.132161
0.194657
0.127049
0.120945
0.098523
0.115981
0.110235
0.133319
0.130394
0.171187
0.165147
0.105686
0.181327
0.147445
0.136973
0.112724
0.141762
0.137936
0.124749
0.116661
0.13571
0.158295
0.14174
0.152596
0.119003
0.108901
0.131205
0.091898
0.102205
0.110348
0.100089
0.12817
0.150898
0.105202
0.099784
0.148159
0.130968
0.101222
0.100737
0.135706
0.171805
0.114002
0.163432
0.107956
0.149703
0.118818
0.119065
0.162965
0.123093
0.126479
0.119759
0.110592
0.107325
0.16095
0.157851
0.223293
0.149922
0.11572
0.081859
0.151705
0.203431
0.167408
0.162921
0.093662
0.095093
0.192711
0.130527
0.104883
0.140812
0.117311
0.112012
0.145513
0.150825
0.149957
0.149884
0.114932
0.184901
0.080236
0.12989
0.077806
0.108659
0.107706
0.089545
0.20621
0.15955
0.102115
0.104774
0.120945
0.140325
0.127643
0.122949
0.116066
0.145044
0.142078
0.157539
0.089974
0.134429
0.091489
0.11601
0.084484
0.146923
0.127162
0.108403
0.120469
0.150925
0.105772
0.104401
0.156583
0.194996
0.118433
0.15159
0.094297
0.131715
0.104936
0.190126
0.063585
0.117214
0.09938
0.087923
0.136624
0.131916
0.101909
0.102013
0.128336
0.115336
0.141097
0.089963
0.142297
0.115932
0.083253
0.101606
0.109505
0.089185
0.119333
0.117765
0.139323
0.141634
0.089379
0.101874
0.150465
0.105978
0.13123
0.095775
0.113249
0.15081
0.109687
